34 10
34 -0.029457 -0.031034 0.034971 0.040044 0.045794 -0.029969 0.050092 -0.013308 -0.035995 0.003768
1 -0.052708 -0.057275 0.051273 -0.033012 0.023134 -0.054080 -0.005377 0.035313 0.038878 0.005785
33 -0.003397 -0.033565 0.011861 0.043949 0.039728 -0.045609 -0.009033 0.047095 0.025575 -0.003036
3 -0.047075 0.001478 0.049215 0.009525 0.015330 -0.008934 0.030982 -0.001149 -0.048239 -0.015047
2 0.034999 -0.015507 -0.003906 -0.012740 -0.012208 -0.002468 0.024110 0.029366 -0.046841 -0.002844
32 -0.025450 -0.042771 -0.044507 0.004133 0.005409 0.001632 0.033481 -0.010875 -0.025647 0.012420
24 0.027277 0.014729 0.039892 0.047822 0.015628 -0.013149 -0.000983 0.009377 0.013639 0.020354
7 0.044573 0.000711 -0.042349 -0.011306 -0.038291 0.030436 0.011168 0.012462 0.045708 -0.009007
6 0.012584 -0.014218 0.012228 0.046041 0.005527 0.014619 0.025603 0.030544 -0.006489 0.005985
14 -0.022251 -0.033656 0.050726 -0.038519 0.027274 0.014722 -0.025924 -0.016771 -0.027681 0.027792
30 0.039109 -0.049144 -0.038629 0.049169 -0.046191 0.012512 0.038697 -0.022448 -0.006336 0.025258
4 -0.002598 0.044846 0.002609 0.021323 0.031077 -0.035002 -0.043789 0.048829 0.006000 -0.026797
11 -0.041673 -0.034171 0.020332 0.016051 0.026306 -0.021150 -0.035535 0.041867 0.033322 -0.039526
28 -0.042792 -0.038707 0.051208 0.004354 0.000405 0.036068 0.008748 -0.014072 -0.035607 -0.002451
5 0.005393 -0.048460 -0.047671 -0.001303 0.038151 -0.018672 0.044865 -0.043920 0.045509 -0.032057
29 -0.013324 -0.005012 -0.026252 -0.019309 0.023126 -0.030390 -0.000607 -0.040792 -0.000711 0.018011
25 -0.035948 -0.018747 -0.028929 -0.016972 -0.044144 -0.013713 -0.025796 -0.036621 0.045850 -0.006320
17 -0.005980 -0.015240 0.010927 0.032978 -0.047847 -0.035858 0.030035 0.025197 0.046334 0.042010
8 0.005597 -0.049075 0.029623 0.011865 -0.032406 0.013926 0.027018 0.009546 -0.004057 0.038821
9 -0.017624 -0.001136 -0.039025 -0.010902 0.002312 -0.004843 -0.003123 0.024379 0.046935 -0.004470
31 0.022139 0.012822 0.038868 0.032233 -0.010853 -0.042670 -0.008278 -0.046582 -0.045346 0.012377
26 0.039171 0.024153 0.012442 -0.014787 0.021851 -0.030661 0.026134 -0.020347 -0.050189 -0.019962
19 0.042742 -0.026815 0.044590 -0.025012 -0.012059 0.011817 -0.011599 -0.029802 0.025751 0.004963
20 -0.008132 -0.022391 0.002992 0.011773 -0.035150 -0.048748 0.046005 0.022879 -0.037550 -0.018369
10 0.009774 -0.006785 -0.025069 0.011308 0.021989 0.046420 0.029482 -0.002306 0.041629 -0.035207
16 -0.008626 0.009900 0.014806 0.003019 -0.012344 -0.008297 0.036020 -0.013884 0.000002 0.011513
27 0.026586 -0.052513 -0.032285 -0.040261 0.008401 0.016793 0.023371 0.043345 -0.035577 0.012465
21 -0.041889 0.042177 0.005762 -0.045765 -0.044291 -0.012479 -0.011028 -0.034066 0.005836 0.048832
15 -0.046181 -0.031203 0.035463 -0.038970 0.012509 0.046753 0.025945 -0.045750 0.000673 -0.017827
22 0.031140 -0.025521 -0.009420 0.001721 -0.007007 -0.034636 -0.012376 -0.014354 -0.031219 -0.014306
23 0.008243 0.034077 -0.045900 0.015680 -0.007360 0.032632 -0.010858 0.041116 0.021654 -0.019078
18 0.016546 0.002451 -0.040695 -0.014003 0.022401 -0.014217 -0.044050 0.024208 0.033410 0.050209
13 0.032794 0.001671 0.018650 -0.034770 -0.014102 -0.011273 0.015857 -0.033026 0.011826 0.035697
12 -0.049583 -0.045038 0.007394 -0.034266 -0.025381 -0.021435 -0.030723 -0.047013 -0.031480 0.035369
