78 16
11 -0.243729 -0.504622 0.000822 -0.457092 0.126998 -0.130866 0.279893 0.334364 0.086784 -0.052411 0.040465 0.704378 0.028911 0.013914 -0.273831 -0.789708
56 -0.150787 -0.279260 -0.033645 -0.298740 0.082235 -0.073784 0.186758 0.182046 0.011672 -0.007188 0.044140 0.432334 0.002844 0.017163 -0.199750 -0.468625
2 -0.155562 -0.419421 -0.015957 -0.406747 0.080187 -0.099519 0.271938 0.284006 0.029798 -0.027288 0.033491 0.608058 0.059087 -0.033119 -0.260625 -0.673440
26 -0.160411 -0.416749 -0.011974 -0.435987 0.108983 -0.126395 0.288214 0.261973 0.033066 -0.031897 0.032913 0.603916 0.071254 -0.030837 -0.277446 -0.663750
59 -0.176413 -0.400085 0.005373 -0.417475 0.085603 -0.066154 0.256539 0.244893 0.050989 -0.016683 0.023629 0.596563 0.065949 0.003142 -0.279000 -0.631135
27 -0.148197 -0.413337 -0.031883 -0.399792 0.086590 -0.080603 0.249937 0.270013 0.031123 -0.012700 0.022053 0.535419 0.031024 0.021130 -0.244188 -0.620539
28 -0.179234 -0.374362 0.021671 -0.344362 0.078129 -0.060917 0.229339 0.216219 0.025879 -0.019965 0.048052 0.530472 0.031824 0.016078 -0.238765 -0.563507
63 -0.129874 -0.302967 0.015517 -0.355565 0.093106 -0.049432 0.222656 0.214506 0.044438 0.012427 0.047134 0.453780 0.058103 0.016502 -0.204863 -0.551446
24 -0.154420 -0.392763 0.008621 -0.367948 0.094411 -0.108582 0.252917 0.266601 0.068670 -0.005368 0.063590 0.587094 0.070728 -0.039040 -0.259099 -0.656524
60 -0.134696 -0.378173 -0.026129 -0.380932 0.060466 -0.064406 0.246974 0.268835 0.064510 -0.018854 0.011177 0.548989 0.050434 0.007392 -0.245914 -0.585697
4 -0.143764 -0.299131 -0.008758 -0.302765 0.091605 -0.100762 0.181364 0.241627 0.049576 -0.036168 0.061067 0.479111 0.054551 -0.022332 -0.211876 -0.523709
49 -0.144616 -0.408505 0.017051 -0.360066 0.088756 -0.109034 0.239476 0.227516 0.073838 -0.034043 0.071334 0.582081 0.019376 -0.011294 -0.230981 -0.632424
65 -0.167970 -0.344187 -0.027630 -0.340879 0.096608 -0.093982 0.227676 0.221194 0.061818 -0.041811 0.055986 0.483866 0.070524 0.007493 -0.239740 -0.522540
25 -0.162358 -0.340803 -0.026169 -0.328624 0.042381 -0.088342 0.185751 0.184649 0.072779 -0.020758 0.020646 0.450129 0.031528 0.018719 -0.209345 -0.540554
3 -0.165961 -0.318692 0.021815 -0.302142 0.079367 -0.081974 0.221295 0.208142 0.009235 -0.027919 0.046147 0.434759 0.000545 -0.044613 -0.212446 -0.528897
50 -0.177944 -0.376380 -0.033991 -0.326143 0.053856 -0.105593 0.257423 0.241077 0.058188 -0.002544 0.023818 0.525856 0.064011 -0.030228 -0.237804 -0.571517
77 -0.110831 -0.376146 0.011661 -0.330311 0.045910 -0.070471 0.189961 0.245601 0.018062 0.019446 0.042324 0.484058 0.024532 0.021584 -0.174150 -0.523911
52 -0.161511 -0.297632 0.011805 -0.333043 0.037336 -0.095953 0.224841 0.192921 0.048442 -0.047956 0.034968 0.459879 0.034863 0.007529 -0.234455 -0.533485
70 -0.119121 -0.368598 -0.028021 -0.346309 0.090880 -0.099255 0.193707 0.236401 0.066487 0.007759 0.002784 0.514985 0.025958 0.004026 -0.221635 -0.530101
69 -0.131808 -0.285358 -0.023426 -0.249049 0.046145 -0.058515 0.192828 0.170168 0.026302 -0.024121 0.026431 0.434828 0.014519 0.016901 -0.169589 -0.416175
254 -0.112291 -0.344284 0.021630 -0.323676 0.029563 -0.073783 0.199776 0.196159 0.028704 0.032350 0.067871 0.434834 0.038872 0.002852 -0.158671 -0.442174
19 -0.072676 -0.253736 0.023253 -0.248549 0.039359 -0.055068 0.143925 0.133270 0.051856 -0.003689 -0.000651 0.365511 0.023149 -0.004038 -0.159726 -0.368445
29 -0.132727 -0.294477 -0.028437 -0.293950 0.079586 -0.086795 0.180938 0.160196 0.040838 -0.005343 0.046383 0.448276 0.008216 -0.014283 -0.177981 -0.477725
20 -0.134786 -0.321614 -0.006470 -0.297377 0.035973 -0.112344 0.223917 0.212987 0.026637 -0.018322 0.009431 0.433682 0.074423 -0.021681 -0.209298 -0.498515
62 -0.124021 -0.344508 -0.037576 -0.360657 0.057418 -0.094331 0.195742 0.250846 0.063271 -0.041034 0.054429 0.516895 0.046248 0.005202 -0.244749 -0.543043
64 -0.175998 -0.420495 -0.004912 -0.410142 0.086282 -0.096968 0.299889 0.302238 0.065163 -0.040703 0.046415 0.624600 0.058761 -0.012428 -0.243052 -0.664199
66 -0.130072 -0.371830 0.005862 -0.358293 0.045356 -0.109722 0.210162 0.244080 0.050351 -0.009699 0.023831 0.485803 0.071552 0.012401 -0.192422 -0.528058
17 -0.120480 -0.287018 -0.000473 -0.255043 0.020220 -0.099118 0.195562 0.195757 0.076342 0.020624 0.036272 0.443123 0.055687 0.000988 -0.196414 -0.424683
71 -0.081329 -0.255720 -0.016202 -0.260707 0.047747 -0.073134 0.134717 0.143952 0.066121 0.002714 0.010770 0.405395 0.052453 -0.005324 -0.135992 -0.437221
35 -0.183174 -0.386018 -0.031225 -0.377624 0.059425 -0.086965 0.242064 0.214848 0.030785 0.002390 0.035615 0.569502 0.024973 0.001147 -0.239682 -0.602568
23 -0.085474 -0.196808 -0.034195 -0.201439 0.038220 -0.037654 0.131068 0.165416 0.050011 -0.016059 0.005137 0.324725 0.034314 -0.035983 -0.161901 -0.327113
18 -0.104233 -0.271971 -0.034427 -0.277018 0.067237 -0.080267 0.147237 0.192121 0.062227 0.023110 0.018063 0.425905 0.061569 -0.014422 -0.169484 -0.463113
21 -0.166864 -0.312645 -0.006030 -0.360564 0.038469 -0.093776 0.206598 0.196702 0.056777 0.020244 0.036357 0.498245 0.050456 -0.040083 -0.217525 -0.532631
42 -0.163474 -0.312396 -0.016750 -0.355294 0.100122 -0.093899 0.208777 0.237919 0.063970 0.008544 0.050909 0.495787 0.016536 0.027094 -0.187210 -0.542402
22 -0.115121 -0.332217 -0.015649 -0.312475 0.058156 -0.105245 0.193335 0.194721 0.031245 -0.018227 0.018743 0.473230 0.058326 -0.030675 -0.187527 -0.514588
36 -0.158156 -0.441288 0.006128 -0.438444 0.092886 -0.136401 0.294295 0.288944 0.065043 0.011465 0.016429 0.596313 0.023620 0.006582 -0.251176 -0.654967
30 -0.123908 -0.378020 -0.034578 -0.306632 0.046621 -0.074250 0.237401 0.207416 0.045556 -0.000146 0.002643 0.499522 0.024321 -0.021413 -0.228109 -0.564198
76 -0.152292 -0.287209 -0.033042 -0.265212 0.093195 -0.103063 0.194872 0.180910 0.055256 -0.020903 0.019484 0.434371 0.031821 -0.031134 -0.147636 -0.465142
37 -0.202273 -0.398840 0.013522 -0.380612 0.093798 -0.077176 0.228210 0.258330 0.088401 -0.012230 0.040599 0.612153 0.063984 -0.036734 -0.269051 -0.622180
39 -0.193374 -0.371607 -0.005259 -0.375988 0.114910 -0.076272 0.250959 0.266954 0.055582 -0.025855 0.023470 0.540596 0.046807 -0.019245 -0.242675 -0.620669
38 -0.096941 -0.309096 0.006387 -0.268332 0.039339 -0.082067 0.151776 0.160716 0.067934 -0.034159 0.019235 0.411423 0.059814 -0.016904 -0.205907 -0.440419
72 -0.096111 -0.270430 -0.010486 -0.266328 0.054088 -0.034157 0.137253 0.145208 0.034784 -0.013548 0.036081 0.388131 0.003336 -0.025996 -0.147762 -0.368914
58 -0.120932 -0.303334 -0.020783 -0.317451 0.038845 -0.053547 0.192985 0.207826 0.041875 0.000397 0.049523 0.427646 0.061015 0.025072 -0.180533 -0.494198
67 -0.130954 -0.272638 0.009677 -0.281732 0.087711 -0.076236 0.185724 0.156337 0.070475 -0.001203 0.060384 0.396689 0.015846 -0.030930 -0.154464 -0.486871
61 -0.115931 -0.243935 -0.002350 -0.241922 0.035025 -0.071048 0.148909 0.142661 0.052266 -0.019087 0.009365 0.318369 0.013602 -0.000958 -0.159229 -0.368335
44 -0.057980 -0.163768 -0.032870 -0.184369 0.038731 -0.039364 0.100901 0.113602 0.041299 0.003772 0.027596 0.260464 -0.008098 0.004090 -0.094071 -0.255972
32 -0.126687 -0.281395 -0.036659 -0.250731 0.058552 -0.063219 0.182477 0.157032 0.021245 -0.002704 0.017343 0.389709 0.018391 0.001440 -0.159852 -0.389269
75 -0.119097 -0.345962 -0.026735 -0.383567 0.075659 -0.048747 0.232968 0.206484 0.029249 -0.033675 0.077572 0.469512 0.014349 0.003901 -0.227628 -0.572289
74 -0.171285 -0.363889 -0.027874 -0.385613 0.076449 -0.041282 0.198004 0.240044 0.025465 -0.047923 0.060871 0.524939 -0.005350 0.026585 -0.206514 -0.592822
45 -0.082993 -0.247122 -0.029817 -0.249552 0.070702 -0.055924 0.171674 0.187748 0.065044 -0.003231 0.000648 0.369605 0.052176 0.000555 -0.157040 -0.400733
9 -0.098301 -0.202280 -0.030411 -0.205749 0.045770 -0.049968 0.126972 0.147208 0.057031 -0.016817 0.029113 0.319575 0.024102 -0.034628 -0.135755 -0.331696
46 -0.118097 -0.233974 0.010156 -0.186286 0.060662 -0.021759 0.154633 0.150993 -0.000874 -0.004783 0.047037 0.331700 -0.007370 0.029466 -0.150852 -0.359350
43 -0.139545 -0.261786 -0.019289 -0.288658 0.076690 -0.092643 0.201607 0.185833 0.051846 -0.011892 0.040416 0.417845 0.002901 -0.000800 -0.150635 -0.447520
73 -0.133300 -0.248736 0.002148 -0.277813 0.082222 -0.063517 0.179613 0.179883 0.004153 -0.037907 0.005042 0.371937 0.035514 0.015573 -0.164596 -0.429908
47 -0.132830 -0.299529 -0.021209 -0.288739 0.052073 -0.076141 0.157522 0.200630 0.026280 -0.002187 0.021858 0.411502 0.055849 -0.035107 -0.158694 -0.419216
51 -0.098371 -0.229705 -0.018221 -0.221143 0.049296 -0.049676 0.139892 0.127231 0.035256 0.005834 0.039853 0.342386 0.011041 -0.016882 -0.150910 -0.383717
55 -0.073720 -0.203675 0.006122 -0.186122 0.036427 -0.061769 0.143729 0.107729 0.051718 0.010105 0.035564 0.287745 -0.003542 0.012897 -0.133523 -0.302639
40 -0.113342 -0.194324 -0.010639 -0.187165 0.062157 -0.038236 0.103828 0.147287 0.019970 -0.036959 0.040951 0.269907 0.016546 -0.027789 -0.148920 -0.335192
13 -0.074930 -0.218728 0.005230 -0.237597 0.038812 -0.060663 0.148873 0.118861 0.038120 0.013615 0.004561 0.300282 0.038296 -0.033260 -0.129469 -0.351295
31 -0.096176 -0.245756 0.017767 -0.226946 0.048373 -0.091486 0.156712 0.135080 0.008377 -0.002916 0.046733 0.401609 0.059704 -0.035972 -0.160529 -0.432736
7 -0.064186 -0.217785 -0.035203 -0.220213 0.023405 -0.034906 0.147142 0.149102 0.060322 -0.015885 0.007738 0.323376 0.032309 -0.042343 -0.113870 -0.341672
5 -0.057314 -0.178337 -0.033556 -0.145740 0.056617 -0.043925 0.121586 0.069388 0.048968 -0.031484 0.043484 0.233942 -0.010291 0.003193 -0.074438 -0.263074
53 -0.065524 -0.176804 -0.033285 -0.184267 0.065179 -0.034342 0.082884 0.127083 -0.001454 -0.017788 -0.012228 0.275924 -0.006064 -0.022018 -0.127607 -0.263591
34 -0.103288 -0.214095 0.012890 -0.171689 0.071781 -0.063760 0.153835 0.119113 0.005515 -0.009078 -0.011733 0.288517 0.030233 -0.007295 -0.144375 -0.325863
8 -0.058655 -0.177060 0.011111 -0.136824 0.013481 -0.026523 0.109624 0.100706 0.020501 0.013665 0.002036 0.214906 -0.004931 -0.007194 -0.068785 -0.254681
10 -0.059885 -0.162101 -0.019706 -0.144998 0.047206 -0.009359 0.117160 0.097608 0.046446 -0.031191 0.035529 0.243992 -0.006782 0.018651 -0.108871 -0.223775
57 -0.045389 -0.129338 -0.032926 -0.153757 0.041030 -0.016536 0.064939 0.078605 0.025126 -0.001657 0.011244 0.183442 0.030244 0.001276 -0.096309 -0.236131
1 -0.107099 -0.209156 0.024898 -0.190304 0.052983 -0.074166 0.105050 0.136693 0.049298 -0.005480 -0.001151 0.247556 0.034932 -0.018711 -0.124297 -0.293979
6 -0.071558 -0.196960 0.002403 -0.152767 0.043521 -0.036681 0.136210 0.140921 0.020448 -0.005537 0.030476 0.262931 0.011674 -0.024539 -0.097837 -0.297531
68 -0.137217 -0.235878 0.000371 -0.247482 0.082876 -0.052409 0.184849 0.161010 0.015868 -0.031136 0.004972 0.408077 0.045864 -0.030320 -0.152658 -0.407793
15 -0.106750 -0.200018 0.017195 -0.198088 0.046423 -0.014490 0.128945 0.088275 0.025220 -0.019316 0.031144 0.257150 0.019903 0.007483 -0.097788 -0.296265
41 -0.118876 -0.234988 0.002600 -0.195025 0.070036 -0.052490 0.149509 0.123410 0.041734 -0.039903 0.021521 0.321304 0.002149 0.005536 -0.123166 -0.306456
14 -0.070703 -0.149357 0.026661 -0.153803 0.043616 -0.022443 0.066219 0.073240 0.000749 0.010502 -0.016899 0.204355 0.004604 -0.006749 -0.081405 -0.197655
16 -0.050605 -0.099377 0.004645 -0.107399 0.014652 -0.028387 0.089213 0.059484 0.016157 -0.001316 -0.006719 0.171598 -0.003441 0.022182 -0.045104 -0.193267
12 -0.078140 -0.137820 0.000569 -0.133383 0.007008 -0.039514 0.051185 0.043872 -0.003734 0.015552 0.040137 0.194451 0.006251 0.012873 -0.069464 -0.156186
54 -0.091980 -0.174855 0.015264 -0.124259 0.011567 -0.051489 0.092218 0.067123 0.033244 -0.032027 -0.010046 0.201686 0.032999 0.011145 -0.112832 -0.225291
33 -0.088590 -0.223966 0.000784 -0.169432 0.067877 -0.078469 0.122706 0.158204 0.043815 -0.010789 0.035544 0.291999 0.023336 -0.029535 -0.101655 -0.303913
48 -0.104372 -0.216514 0.004539 -0.216119 0.015514 -0.045759 0.135417 0.110224 0.020658 -0.023879 -0.008285 0.321691 0.048530 0.023069 -0.127217 -0.365959
