1 2
1 3
1 4
1 5
1 6
1 7
1 8
1 9
1 10
1 11
1 12
1 13
1 14
1 15
1 16
1 17
1 18
1 19
1 20
1 21
1 22
1 23
1 24
1 25
1 27
1 28
1 29
1 30
1 31
1 32
1 34
1 35
1 36
1 37
1 38
1 39
1 40
1 41
1 42
1 43
1 46
1 48
1 49
1 50
1 51
1 52
1 54
1 55
1 56
1 57
1 58
1 59
1 60
1 61
1 62
1 63
1 64
1 65
1 66
1 67
1 68
1 72
1 73
1 74
1 75
1 76
1 77
1 78
1 79
1 80
1 81
1 82
1 83
1 84
1 85
1 86
1 87
1 90
1 91
1 92
1 93
1 94
1 95
1 97
1 98
1 99
1 100
1 101
1 104
1 105
1 106
1 107
1 108
1 109
1 110
1 111
1 112
1 113
1 114
1 116
1 120
1 121
1 122
1 123
1 124
1 125
1 127
1 128
1 129
1 130
1 132
1 133
1 135
1 136
1 139
1 141
1 142
1 144
1 145
1 146
1 147
1 148
1 150
1 153
1 154
1 155
1 157
1 160
1 161
1 164
1 165
1 166
1 168
1 169
1 172
1 173
1 176
1 180
1 191
1 195
1 196
1 198
1 200
1 201
1 203
1 204
1 206
1 207
1 208
1 213
1 215
1 216
1 219
1 220
1 221
1 222
1 224
1 225
1 229
1 230
1 232
1 234
1 235
1 237
1 239
1 241
1 244
1 246
1 248
1 249
1 250
1 251
1 254
1 255
1 257
1 259
1 260
1 261
1 264
1 267
1 268
1 275
1 279
1 281
1 285
1 290
1 292
1 296
1 297
1 302
1 303
1 305
1 306
1 307
1 308
1 309
1 312
1 314
1 318
1 319
1 326
1 328
1 334
1 351
1 357
1 359
1 361
1 365
1 367
1 372
1 374
1 375
1 380
1 381
1 382
1 388
1 390
1 394
1 404
1 406
1 407
1 409
1 411
1 413
1 419
1 425
1 426
1 428
1 429
1 436
1 445
1 447
1 452
1 457
1 460
1 461
1 462
1 463
1 467
1 473
1 480
1 481
1 483
1 488
1 489
1 490
1 504
1 507
1 516
1 517
1 523
1 524
1 529
1 540
1 553
1 558
1 560
1 561
1 570
1 577
1 578
1 579
1 580
1 589
1 592
1 597
1 602
1 603
1 604
1 607
1 609
1 614
1 630
1 631
1 632
1 633
1 641
1 642
1 649
1 652
1 664
1 669
1 674
1 677
1 679
1 690
1 692
1 694
1 696
1 697
1 700
1 702
1 705
1 716
1 721
1 730
1 734
1 735
1 737
1 754
1 755
1 759
1 760
1 776
1 788
1 801
1 808
1 814
1 818
1 824
1 825
1 864
1 934
1 960
1 972
1 975
1 982
1 985
1 986
1 990
1 993
1 1029
1 1055
1 1063
1 1103
1 1112
1 1122
1 1124
1 1153
1 1156
1 1174
1 1178
1 1182
1 1190
1 1191
1 1194
1 1216
1 1223
1 1227
1 1241
1 1248
1 1259
1 1296
1 1318
1 1335
1 1346
1 1358
1 1396
1 1426
1 1433
1 1450
1 1484
1 1486
1 1580
1 1617
1 1620
1 1624
1 1632
1 1640
1 1657
1 1666
1 1674
1 1675
1 1751
2 733
2 3
2 4
2 5
2 6
2 7
2 10
2 11
2 12
2 13
2 14
2 15
2 16
2 17
2 18
2 19
2 529
2 21
2 22
2 23
2 24
2 25
2 27
2 28
2 29
2 517
2 32
2 545
2 34
2 35
2 36
2 37
2 38
2 39
2 40
2 41
2 42
2 43
2 1068
2 557
2 46
2 48
2 54
2 55
2 615
2 570
2 59
2 60
2 61
2 574
2 65
2 523
2 68
2 1094
2 71
2 72
2 524
2 75
2 76
2 77
2 80
2 81
2 1107
2 84
2 86
2 87
2 1624
2 601
2 90
2 91
2 92
2 93
2 613
2 608
2 97
2 98
2 99
2 100
2 101
2 102
2 103
2 104
2 107
2 108
2 110
2 111
2 112
2 113
2 114
2 702
2 630
2 120
2 121
2 635
2 124
2 125
2 129
2 132
2 649
2 139
2 140
2 141
2 142
2 1539
2 661
2 150
2 151
2 153
2 154
2 155
2 670
2 1184
2 161
2 164
2 165
2 167
2 169
2 1223
2 684
2 174
2 175
2 176
2 180
2 693
2 184
2 185
2 186
2 187
2 190
2 666
2 195
2 196
2 801
2 200
2 518
2 1227
2 205
2 207
2 214
2 215
2 216
2 1241
2 219
2 221
2 224
2 225
2 229
2 231
2 232
2 1259
2 237
2 238
2 775
2 242
2 756
2 246
2 553
2 249
2 250
2 251
2 254
2 255
2 257
2 259
2 260
2 774
2 641
2 266
2 267
2 268
2 275
2 282
2 283
2 560
2 1768
2 292
2 293
2 294
2 1319
2 811
2 300
2 303
2 308
2 602
2 311
2 824
2 314
2 315
2 318
2 319
2 320
2 1579
2 834
2 1347
2 327
2 1153
2 1354
2 844
2 334
2 1359
2 854
2 345
2 540
2 352
2 864
2 361
2 365
2 366
2 367
2 881
2 374
2 831
2 1685
2 389
2 391
2 1175
2 1346
2 401
2 916
2 407
2 413
2 932
2 1121
2 1723
2 429
2 1455
2 432
2 445
2 1472
2 452
2 969
2 460
2 589
2 944
2 467
2 982
2 1343
2 527
2 477
2 990
2 993
2 482
2 483
2 698
2 488
2 535
2 1519
2 1009
2 500
2 1278
2 506
2 1532
2 1021
3 4
3 5
3 6
3 519
3 9
3 10
3 1548
3 13
3 14
3 15
3 16
3 18
3 19
3 1556
3 21
3 22
3 23
3 24
3 25
3 27
3 540
3 29
3 32
3 34
3 36
3 37
3 38
3 553
3 42
3 43
3 45
3 46
3 47
3 48
3 1570
3 54
3 55
3 59
3 60
3 61
3 64
3 65
3 66
3 67
3 68
3 71
3 1097
3 74
3 75
3 1549
3 81
3 82
3 84
3 86
3 1623
3 771
3 90
3 1295
3 92
3 93
3 97
3 99
3 100
3 101
3 107
3 108
3 110
3 111
3 112
3 113
3 120
3 121
3 634
3 123
3 124
3 125
3 126
3 128
3 641
3 133
3 649
3 141
3 148
3 153
3 154
3 155
3 669
3 158
3 159
3 1186
3 1700
3 166
3 167
3 168
3 169
3 1196
3 1198
3 1716
3 698
3 192
3 200
3 1740
3 1739
3 716
3 546
3 206
3 207
3 632
3 757
3 718
3 214
3 633
3 221
3 735
3 224
3 225
3 1251
3 229
3 230
3 231
3 232
3 892
3 237
3 245
3 1577
3 251
3 605
3 255
3 259
3 776
3 266
3 267
3 268
3 271
3 272
3 275
3 558
3 280
3 282
3 284
3 805
3 294
3 733
3 1328
3 307
3 311
3 824
3 315
3 319
3 322
3 323
3 324
3 325
3 737
3 329
3 1269
3 334
3 335
3 345
3 864
3 355
3 361
3 365
3 1390
3 367
3 376
3 1172
3 380
3 381
3 576
3 387
3 391
3 915
3 1433
3 1438
3 929
3 420
3 935
3 425
3 839
3 948
3 1617
3 1470
3 447
3 1472
3 451
3 452
3 457
3 467
3 1497
3 477
3 482
3 483
3 604
3 999
3 1009
3 1013
3 503
3 1620
3 1021
4 512
4 1028
4 5
4 6
4 7
4 8
4 9
4 10
4 11
4 12
4 13
4 14
4 15
4 16
4 17
4 18
4 19
4 20
4 22
4 857
4 24
4 25
4 27
4 28
4 29
4 30
4 31
4 32
4 944
4 34
4 35
4 37
4 38
4 39
4 41
4 42
4 43
4 557
4 46
4 1072
4 1288
4 51
4 55
4 568
4 58
4 60
4 61
4 62
4 63
4 64
4 65
4 66
4 1030
4 1095
4 73
4 74
4 75
4 78
4 591
4 592
4 82
4 84
4 526
4 87
4 90
4 604
4 1119
4 96
4 98
4 99
4 615
4 104
4 108
4 109
4 110
4 111
4 1640
4 114
4 115
4 116
4 117
4 118
4 1143
4 120
4 121
4 123
4 126
4 127
4 1728
4 642
4 132
4 133
4 646
4 1473
4 141
4 142
4 145
4 148
4 149
4 150
4 665
4 669
4 160
4 161
4 167
4 168
4 1709
4 174
4 176
4 177
4 178
4 693
4 183
4 184
4 1055
4 188
4 704
4 196
4 198
4 200
4 716
4 205
4 206
4 1231
4 208
4 774
4 211
4 1230
4 214
4 730
4 219
4 733
4 734
4 224
4 225
4 226
4 230
4 1767
4 1257
4 1575
4 236
4 240
4 243
4 245
4 247
4 249
4 250
4 251
4 622
4 262
4 776
4 268
4 269
4 1294
4 1297
4 1066
4 279
4 280
4 793
4 794
4 284
4 285
4 287
4 801
4 731
4 293
4 294
4 1322
4 301
4 814
4 314
4 315
4 319
4 320
4 321
4 1346
4 737
4 1352
4 1354
4 336
4 854
4 855
4 608
4 826
4 350
4 865
4 364
4 372
4 885
4 376
4 1172
4 379
4 382
4 383
4 831
4 389
4 401
4 932
4 421
4 426
4 429
4 1455
4 432
4 439
4 954
4 955
4 960
4 449
4 461
4 462
4 463
4 468
4 474
4 1103
4 486
4 490
4 492
4 1013
5 10
5 17
5 18
5 19
5 20
5 23
5 24
5 25
5 28
5 29
5 1456
5 35
5 37
5 38
5 42
5 45
5 1072
5 51
5 55
5 58
5 66
5 74
5 75
5 588
5 591
5 592
5 87
5 604
5 99
5 108
5 110
5 123
5 126
5 127
5 129
5 132
5 142
5 150
5 164
5 176
5 177
5 178
5 183
5 188
5 704
5 1730
5 214
5 217
5 219
5 732
5 221
5 225
5 749
5 241
5 250
5 767
5 1283
5 262
5 267
5 269
5 271
5 272
5 279
5 280
5 793
5 287
5 804
5 818
5 309
5 310
5 314
5 315
5 832
5 321
5 737
5 340
5 1082
5 350
5 364
5 372
5 382
5 389
5 394
5 406
5 421
5 426
5 1453
5 432
5 461
5 462
5 468
5 993
5 491
5 492
5 503
5 505
5 1530
5 507
5 1450
6 517
6 7
6 9
6 10
6 11
6 12
6 13
6 15
6 16
6 18
6 1044
6 21
6 22
6 24
6 516
6 26
6 29
6 31
6 1568
6 34
6 35
6 37
6 39
6 40
6 42
6 49
6 50
6 52
6 53
6 55
6 56
6 62
6 64
6 67
6 73
6 75
6 78
6 79
6 80
6 614
6 1128
6 107
6 108
6 114
6 115
6 116
6 122
6 130
6 131
6 135
6 136
6 139
6 140
6 668
6 164
6 1191
6 172
6 626
6 694
6 194
6 199
6 201
6 203
6 213
6 215
6 216
6 225
6 741
6 235
6 238
6 759
6 248
6 267
6 1296
6 275
6 789
6 279
6 283
6 796
6 287
6 357
6 369
6 1291
6 385
6 406
6 1446
6 426
6 429
6 449
6 247
6 982
6 990
6 993
7 1539
7 135
7 136
7 10
7 13
7 16
7 18
7 19
7 21
7 406
7 535
7 27
7 796
7 31
7 155
7 164
7 1052
7 42
7 172
7 626
7 174
7 309
7 694
7 55
7 287
7 1418
7 62
7 705
7 579
7 199
7 275
7 73
7 79
7 80
7 741
7 357
7 235
7 108
7 365
7 238
7 111
7 114
7 115
7 247
7 248
7 122
7 507
7 1532
7 126
7 405
8 1547
8 392
8 9
8 11
8 13
8 15
8 18
8 787
8 26
8 1126
8 33
8 34
8 1382
8 1448
8 44
8 45
8 47
8 1585
8 1474
8 691
8 393
8 1081
8 316
8 317
8 194
8 323
8 198
8 202
8 587
8 322
8 1613
8 1103
8 337
8 1487
8 220
8 1373
8 609
8 1125
8 715
8 1724
8 1772
8 751
8 752
8 116
8 1483
8 1401
8 126
9 1547
9 134
9 393
9 11
9 12
9 13
9 270
9 271
9 18
9 1724
9 24
9 26
9 156
9 415
9 800
9 33
9 34
9 1448
9 713
9 44
9 45
9 47
9 392
9 1474
9 181
9 182
9 567
9 1081
9 1210
9 60
9 317
9 309
9 194
9 323
9 197
9 198
9 712
9 588
9 202
9 715
9 322
9 718
9 1103
9 1744
9 465
9 599
9 1487
9 220
9 1373
9 1189
9 609
9 310
9 1382
9 614
9 316
9 1772
9 751
9 752
9 369
9 116
9 1401
9 126
9 511
10 11
10 12
10 13
10 14
10 15
10 16
10 17
10 18
10 19
10 21
10 22
10 23
10 24
10 25
10 27
10 29
10 30
10 34
10 35
10 36
10 37
10 38
10 40
10 42
10 557
10 49
10 50
10 53
10 54
10 55
10 57
10 61
10 576
10 68
10 1206
10 588
10 81
10 84
10 1621
10 93
10 94
10 102
10 104
10 105
10 107
10 108
10 114
10 122
10 125
10 639
10 129
10 643
10 993
10 147
10 663
10 667
10 157
10 158
10 159
10 162
10 164
10 172
10 173
10 1710
10 180
10 694
10 1207
10 192
10 196
10 199
10 201
10 203
10 204
10 546
10 721
10 212
10 222
10 1248
10 235
10 759
10 248
10 267
10 279
10 281
10 283
10 798
10 802
10 815
10 309
10 826
10 326
10 327
10 842
10 1355
10 334
10 847
10 872
10 362
10 363
10 367
10 626
10 918
10 401
10 406
10 411
10 426
10 436
10 441
10 442
10 445
10 447
10 448
10 481
10 490
10 505
11 162
11 12
11 13
11 15
11 17
11 18
11 788
11 21
11 280
11 414
11 543
11 161
11 34
11 163
11 443
11 42
11 555
11 172
11 433
11 542
11 54
11 57
11 428
11 1671
11 684
11 438
11 456
11 458
11 203
11 76
11 77
11 274
11 1736
11 88
11 220
11 606
11 344
11 408
11 99
11 107
11 146
11 370
11 499
11 245
11 119
11 426
11 277
12 1671
12 13
12 14
12 17
12 18
12 788
12 414
12 161
12 34
12 42
12 1736
12 433
12 180
12 54
12 57
12 443
12 566
12 456
12 458
12 76
12 77
12 88
12 220
12 107
12 274
12 119
13 128
13 130
13 16
13 920
13 18
13 19
13 788
13 1174
13 23
13 152
13 27
13 414
13 31
13 161
13 34
13 37
13 39
13 40
13 42
13 299
13 173
13 302
13 433
13 180
13 57
13 423
13 443
13 1345
13 195
13 198
13 1736
13 129
13 375
13 76
13 975
13 919
13 85
13 313
13 1496
13 473
13 90
13 220
13 221
13 95
13 99
13 107
13 108
13 274
13 114
13 147
13 204
13 119
13 249
13 1662
14 774
14 391
14 649
14 913
14 18
14 147
14 22
14 23
14 153
14 27
14 30
14 294
14 1088
14 41
14 43
14 46
14 692
14 59
14 1226
14 319
14 576
14 74
14 75
14 460
14 80
14 978
14 84
14 213
14 1657
14 1242
14 91
14 221
14 224
14 737
14 104
14 488
14 244
14 1013
14 169
14 120
14 121
14 123
14 124
15 1366
15 513
15 396
15 401
15 1557
15 593
15 23
15 196
15 282
15 540
15 29
15 1548
15 757
15 290
15 36
15 37
15 167
15 425
15 1196
15 429
15 46
15 48
15 54
15 311
15 186
15 187
15 151
15 61
15 447
15 1729
15 67
15 68
15 69
15 70
15 71
15 72
15 457
15 518
15 77
15 1175
15 205
15 81
15 83
15 740
15 86
15 1367
15 89
15 90
15 92
15 93
15 739
15 100
15 998
15 102
15 231
15 232
15 924
15 108
15 880
15 1396
15 292
15 246
15 506
15 635
15 1130
15 766
16 406
16 17
16 22
16 25
16 363
16 925
16 1310
16 34
16 163
16 1444
16 1445
16 1329
16 442
16 445
16 68
16 203
16 162
16 845
16 212
16 667
16 602
16 99
16 362
16 107
16 876
16 1015
16 490
17 19
17 20
17 22
17 23
17 24
17 27
17 540
17 29
17 35
17 37
17 38
17 41
17 1579
17 1068
17 1072
17 55
17 57
17 570
17 1598
17 68
17 1607
17 1100
17 80
17 1108
17 91
17 99
17 613
17 108
17 110
17 627
17 117
17 119
17 127
17 1153
17 132
17 146
17 1488
17 622
17 150
17 167
17 176
17 1206
17 1207
17 1723
17 701
17 196
17 721
17 729
17 730
17 219
17 734
17 225
17 241
17 756
17 249
17 257
17 1284
17 267
17 279
17 284
17 1318
17 807
17 303
17 818
17 737
17 1358
17 340
17 351
17 353
17 1379
17 1383
17 873
17 374
17 217
17 390
17 406
17 1241
17 411
17 421
17 439
17 244
17 445
17 446
17 1478
17 457
17 458
17 972
17 464
17 481
17 483
17 486
17 1002
18 146
18 20
18 22
18 23
18 1178
18 29
18 30
18 31
18 219
18 164
18 45
18 690
18 158
18 159
18 448
18 130
18 535
18 75
18 844
18 269
18 250
18 91
18 221
18 1248
18 99
18 229
18 1009
18 244
18 122
18 124
19 1024
19 20
19 22
19 24
19 25
19 27
19 28
19 29
19 31
19 34
19 35
19 38
19 39
19 41
19 42
19 55
19 63
19 68
19 73
19 74
19 75
19 78
19 84
19 85
19 91
19 1553
19 104
19 1137
19 114
19 128
19 129
19 132
19 647
19 649
19 195
19 151
19 1183
19 164
19 165
19 1192
19 169
19 176
19 177
19 707
19 1115
19 974
19 214
19 219
19 732
19 221
19 225
19 232
19 1063
19 1272
19 249
19 250
19 767
19 770
19 771
19 266
19 782
19 279
19 292
19 294
19 811
19 314
19 315
19 835
19 838
19 330
19 331
19 341
19 342
19 345
19 1371
19 1375
19 886
19 887
19 378
19 894
19 394
19 406
19 926
19 929
19 427
19 1453
19 1459
19 1097
19 1467
19 960
19 460
19 461
19 462
19 467
19 982
19 994
19 255
19 1521
19 503
19 507
19 1021
20 262
20 391
20 776
20 394
20 1215
20 142
20 22
20 151
20 28
20 29
20 1584
20 34
20 164
20 421
20 294
20 551
20 1450
20 662
20 176
20 177
20 562
20 435
20 513
20 822
20 184
20 820
20 58
20 188
20 406
20 449
20 581
20 72
20 74
20 75
20 1100
20 77
20 1208
20 82
20 212
20 213
20 1752
20 217
20 221
20 96
20 379
20 550
20 102
20 103
20 1767
20 492
20 111
20 1032
20 503
20 1108
20 255
20 127
21 1624
21 139
21 140
21 664
21 147
21 788
21 279
21 24
21 155
21 29
21 31
21 34
21 27
21 164
21 166
21 308
21 42
21 135
21 428
21 307
21 52
21 56
21 180
21 445
21 452
21 652
21 334
21 207
21 531
21 1443
21 214
21 267
21 1241
21 602
21 221
21 225
21 67
21 99
21 229
21 365
21 275
21 766
21 504
21 1194
21 254
22 512
22 133
22 641
22 777
22 1165
22 576
22 25
22 538
22 367
22 387
22 30
22 32
22 526
22 37
22 38
22 167
22 41
22 1287
22 1728
22 51
22 334
22 1438
22 1545
22 184
22 442
22 315
22 60
22 63
22 64
22 383
22 196
22 1528
22 633
22 1352
22 457
22 1226
22 75
22 332
22 206
22 208
22 824
22 757
22 84
22 142
22 215
22 216
22 217
22 90
22 165
22 1632
22 225
22 99
22 1691
22 806
22 102
22 615
22 104
22 490
22 108
22 111
22 240
22 1009
22 275
22 244
22 245
22 632
22 212
22 123
22 213
23 257
23 827
23 524
23 404
23 407
23 920
23 27
23 670
23 32
23 161
23 290
23 35
23 987
23 677
23 41
23 43
23 411
23 46
23 303
23 48
23 368
23 434
23 54
23 695
23 57
23 59
23 60
23 574
23 319
23 196
23 328
23 1227
23 1484
23 811
23 141
23 81
23 176
23 90
23 219
23 221
23 737
23 482
23 99
23 104
23 828
23 490
23 112
23 113
23 1396
23 169
23 120
23 121
23 251
23 124
23 125
23 126
24 27
24 28
24 29
24 31
24 34
24 35
24 37
24 38
24 39
24 40
24 45
24 558
24 49
24 50
24 52
24 53
24 1078
24 1716
24 60
24 67
24 75
24 1615
24 82
24 1640
24 105
24 106
24 1131
24 114
24 126
24 639
24 128
24 129
24 130
24 107
24 656
24 281
24 664
24 1182
24 164
24 165
24 167
24 180
24 191
24 195
24 203
24 221
24 222
24 742
24 1255
24 759
24 640
24 1494
24 267
24 268
24 273
24 280
24 793
24 794
24 799
24 314
24 315
24 333
24 334
24 335
24 351
24 1389
24 372
24 374
24 1421
24 912
24 406
24 432
24 982
24 472
24 1191
24 594
24 498
25 848
25 390
25 268
25 1165
25 142
25 145
25 280
25 27
25 28
25 799
25 545
25 38
25 42
25 177
25 51
25 885
25 55
25 184
25 63
25 64
25 66
25 1606
25 455
25 200
25 75
25 206
25 463
25 464
25 82
25 211
25 87
25 984
25 96
25 225
25 99
25 230
25 743
25 490
25 108
25 109
25 111
25 114
25 245
25 246
25 1527
25 379
25 183
26 769
26 258
26 134
26 322
26 270
26 156
26 1053
26 415
26 800
26 33
26 1448
26 44
26 45
26 182
26 567
26 60
26 194
26 451
26 1103
26 856
26 1373
26 1758
26 614
26 1724
26 751
26 752
26 369
26 116
26 253
27 29
27 31
27 32
27 34
27 35
27 38
27 40
27 41
27 42
27 43
27 46
27 560
27 52
27 54
27 56
27 57
27 59
27 60
27 574
27 65
27 585
27 75
27 78
27 90
27 603
27 604
27 608
27 99
27 102
27 617
27 618
27 1645
27 1146
27 125
27 128
27 129
27 146
27 147
27 153
27 666
27 160
27 164
27 165
27 1193
27 176
27 1715
27 693
27 191
27 195
27 1609
27 1745
27 221
27 222
27 736
27 232
27 234
27 1261
27 245
27 249
27 250
27 1152
27 770
27 771
27 268
27 783
27 784
27 789
27 279
27 285
27 292
27 811
27 305
27 319
27 224
27 358
27 1397
27 916
27 409
27 1458
27 73
27 952
27 442
27 455
27 463
27 978
27 988
27 482
27 489
27 497
27 1014
28 132
28 29
28 801
28 35
28 42
28 178
28 51
28 321
28 66
28 1606
28 455
28 460
28 87
28 984
28 350
28 96
28 225
28 1131
28 1137
28 372
29 31
29 34
29 35
29 39
29 40
29 46
29 52
29 53
29 54
29 63
29 67
29 73
29 75
29 78
29 1112
29 527
29 608
29 617
29 618
29 107
29 1137
29 120
29 1556
29 638
29 128
29 129
29 131
29 147
29 661
29 1180
29 160
29 164
29 165
29 170
29 1711
29 695
29 1029
29 195
29 1733
29 213
29 215
29 729
29 672
29 222
29 1260
29 247
29 249
29 1407
29 256
29 257
29 771
29 1287
29 782
29 273
29 276
29 277
29 278
29 389
29 292
29 1152
29 812
29 311
29 315
29 833
29 1350
29 1351
29 328
29 333
29 351
29 354
29 362
29 363
29 366
29 367
29 1397
29 893
29 895
29 901
29 903
29 912
29 404
29 932
29 952
29 449
29 966
29 1480
29 460
29 472
29 1501
29 497
29 498
29 1529
30 123
30 75
30 48
30 913
30 244
30 1226
30 692
30 91
30 124
30 221
31 1418
31 142
31 985
31 35
31 164
31 37
31 294
31 39
31 40
31 754
31 174
31 304
31 177
31 564
31 183
31 56
31 62
31 1345
31 67
31 326
31 199
31 73
31 1486
31 79
31 80
31 376
31 213
31 1496
31 292
31 986
31 463
31 293
31 1376
31 1122
31 107
31 111
31 579
31 115
31 248
31 122
31 507
31 405
32 261
32 649
32 141
32 792
32 517
32 161
32 37
32 38
32 41
32 1325
32 733
32 48
32 435
32 312
32 698
32 63
32 65
32 568
32 84
32 730
32 477
32 293
32 98
32 99
32 104
32 361
32 108
32 760
32 249
32 124
32 255
33 769
33 258
33 134
33 270
33 156
33 415
33 298
33 44
33 45
33 181
33 182
33 567
33 60
33 194
33 451
33 198
33 718
33 1758
33 614
33 1649
33 1650
33 253
34 35
34 39
34 40
34 50
34 52
34 53
34 60
34 574
34 67
34 72
34 75
34 76
34 78
34 83
34 85
34 1111
34 602
34 614
34 617
34 618
34 107
34 1133
34 1134
34 114
34 116
34 126
34 128
34 129
34 130
34 1048
34 147
34 148
34 152
34 667
34 164
34 165
34 170
34 1711
34 1201
34 192
34 194
34 198
34 1224
34 204
34 220
34 221
34 249
34 256
34 257
34 276
34 277
34 278
34 302
34 816
34 819
34 309
34 822
34 836
34 837
34 1350
34 1351
34 345
34 354
34 868
34 362
34 363
34 367
34 1432
34 423
34 435
34 982
34 1000
34 497
35 37
35 38
35 39
35 40
35 1116
35 48
35 49
35 50
35 52
35 53
35 54
35 57
35 60
35 67
35 73
35 75
35 78
35 82
35 604
35 99
35 105
35 106
35 107
35 112
35 1137
35 531
35 631
35 638
35 128
35 131
35 1156
35 668
35 161
35 164
35 165
35 170
35 1709
35 176
35 1201
35 695
35 699
35 1216
35 213
35 216
35 729
35 731
35 1245
35 222
35 230
35 256
35 257
35 267
35 273
35 276
35 277
35 278
35 281
35 812
35 318
35 333
35 334
35 351
35 354
35 372
35 373
35 1407
35 903
35 912
35 1426
35 406
35 457
35 460
35 472
35 677
35 594
35 1006
35 1007
35 498
36 518
36 1175
36 546
36 292
36 37
36 294
36 48
36 311
36 187
36 266
36 574
36 834
36 68
36 81
36 483
36 341
36 86
36 992
36 225
36 355
36 102
36 231
36 232
36 108
36 365
36 61
36 497
36 501
36 246
36 634
36 635
37 1674
37 1544
37 172
37 652
37 1282
37 533
37 279
37 284
37 157
37 158
37 1075
37 674
37 38
37 1063
37 909
37 668
37 534
37 159
37 307
37 48
37 49
37 50
37 261
37 180
37 222
37 57
37 314
37 59
37 444
37 778
37 704
37 1302
37 67
37 71
37 72
37 201
37 714
37 75
37 781
37 336
37 547
37 203
37 1209
37 601
37 730
37 975
37 1372
37 221
37 94
37 95
37 481
37 483
37 742
37 486
37 105
37 490
37 107
37 108
37 239
37 1009
37 371
37 117
37 632
37 351
38 523
38 793
38 1426
38 279
38 794
38 284
38 1028
38 133
38 167
38 301
38 49
38 50
38 52
38 53
38 180
38 826
38 885
38 66
38 200
38 78
38 1488
38 594
38 280
38 730
38 222
38 351
38 483
38 486
38 230
38 105
38 106
38 108
38 1009
38 372
38 117
38 632
38 633
38 281
39 128
39 1162
39 526
39 152
39 914
39 1563
39 1414
39 165
39 40
39 50
39 52
39 53
39 55
39 440
39 799
39 67
39 73
39 75
39 76
39 1698
39 210
39 1699
39 213
39 472
39 601
39 1246
39 195
39 273
39 1257
39 106
39 107
39 753
39 498
39 115
39 372
39 373
39 123
40 128
40 388
40 129
40 136
40 273
40 195
40 790
40 160
40 164
40 165
40 297
40 135
40 498
40 541
40 49
40 50
40 52
40 53
40 1337
40 287
40 444
40 318
40 67
40 73
40 75
40 76
40 589
40 85
40 472
40 1563
40 357
40 233
40 234
40 107
40 114
40 115
40 249
40 213
41 774
41 257
41 151
41 786
41 161
41 165
41 294
41 811
41 48
41 306
41 1334
41 570
41 75
41 80
41 84
41 214
41 91
41 733
41 224
41 98
41 358
41 1138
41 631
41 250
41 251
42 1152
42 1294
42 1539
42 1624
42 666
42 329
42 160
42 162
42 283
42 165
42 678
42 1575
42 775
42 557
42 1328
42 178
42 307
42 414
42 55
42 132
42 798
42 60
42 1674
42 1184
42 139
42 452
42 581
42 199
42 140
42 586
42 82
42 88
42 345
42 357
42 96
42 1251
42 1636
42 229
42 486
42 107
42 365
42 370
42 643
42 1397
42 1532
42 765
42 382
42 1151
43 153
43 558
43 1332
43 59
43 65
43 488
43 1095
43 1739
43 334
43 221
43 997
43 229
43 104
43 232
43 1143
43 121
43 124
43 125
44 769
44 258
44 134
44 653
44 272
44 787
44 156
44 415
44 298
44 45
44 1589
44 182
44 181
44 194
44 197
44 198
44 369
44 253
45 769
45 258
45 134
45 272
45 787
45 156
45 1182
45 415
45 47
45 309
45 182
45 60
45 1589
45 194
45 1355
45 1741
45 1623
45 1123
45 369
45 1266
45 1401
45 253
46 1030
46 148
46 661
46 218
46 1242
46 805
46 1088
46 169
46 48
46 54
46 952
46 569
46 59
46 447
46 192
46 193
46 195
46 708
46 865
46 585
46 1484
46 224
46 209
46 339
46 469
46 249
46 90
46 219
46 92
46 93
46 96
46 97
46 482
46 229
46 232
46 1132
46 120
46 121
46 255
47 780
47 271
47 272
47 787
47 1053
47 1054
47 810
47 687
47 392
47 691
47 393
47 1080
47 1081
47 316
47 317
47 575
47 322
47 323
47 324
47 325
47 712
47 713
47 202
47 587
47 335
47 337
47 1625
47 1487
47 1760
47 360
47 1005
47 1772
47 749
47 750
47 1266
47 1270
47 1355
47 892
47 1706
48 407
48 141
48 792
48 161
48 176
48 306
48 692
48 65
48 292
48 91
48 604
48 677
48 737
48 98
48 104
48 361
48 250
48 251
48 124
49 131
49 656
49 1173
49 281
49 799
49 674
49 1447
49 1712
49 840
49 50
49 52
49 53
49 441
49 444
49 573
49 319
49 452
49 1477
49 582
49 714
49 841
49 586
49 203
49 333
49 334
49 594
49 601
49 1374
49 351
49 912
49 105
49 106
49 778
49 373
50 131
50 656
50 674
50 281
50 52
50 53
50 573
50 582
50 586
50 203
50 333
50 216
50 1374
50 351
50 912
50 105
50 106
50 107
50 778
50 373
50 638
51 1165
51 142
51 280
51 1073
51 177
51 1074
51 55
51 184
51 66
51 455
51 183
51 82
51 87
51 96
51 225
51 743
51 109
51 885
52 128
52 131
52 273
52 164
52 165
52 53
52 695
52 699
52 449
52 67
52 1480
52 333
52 78
52 334
52 472
52 729
52 604
52 351
52 608
52 1377
52 1378
52 105
52 106
52 107
52 498
52 372
52 373
52 247
52 249
52 638
53 729
53 107
53 78
53 131
53 695
53 372
53 216
53 638
53 351
54 1156
54 1029
54 1666
54 401
54 259
54 404
54 1484
54 290
54 165
54 426
54 411
54 60
54 319
54 196
54 326
54 327
54 328
54 457
54 663
54 802
54 334
54 81
54 1112
54 218
54 219
54 92
54 93
54 805
54 97
54 229
54 1127
54 365
54 367
54 112
54 481
54 1396
54 631
54 120
54 505
54 509
54 524
55 267
55 1292
55 269
55 279
55 1316
55 177
55 58
55 394
55 446
55 74
55 75
55 972
55 81
55 855
55 87
55 217
55 604
55 1530
55 351
55 99
55 233
55 250
56 213
56 67
56 164
56 789
56 135
56 652
56 107
56 140
56 1443
56 1446
56 531
56 139
56 154
56 766
57 263
57 265
57 274
57 403
57 280
57 1306
57 412
57 413
57 418
57 556
57 561
57 1075
57 180
57 437
57 778
57 279
57 77
57 210
57 339
57 340
57 342
57 612
57 1242
57 221
57 223
57 356
57 357
57 107
57 108
57 613
57 758
57 119
57 891
57 252
58 268
58 781
58 665
58 287
58 416
58 183
58 568
58 188
58 960
58 1730
58 336
58 340
58 217
58 731
58 865
58 869
58 236
58 118
58 84
58 763
58 1533
59 261
59 390
59 649
59 141
59 153
59 1242
59 517
59 1316
59 169
59 1693
59 312
59 191
59 1088
59 65
59 839
59 203
59 334
59 1293
59 770
59 1372
59 865
59 98
59 99
59 488
59 636
59 1282
59 237
59 553
59 120
59 121
59 378
59 251
59 124
59 125
60 134
60 270
60 1156
60 156
60 1694
60 415
60 165
60 167
60 1716
60 309
60 567
60 1210
60 1597
60 959
60 194
60 310
60 712
60 457
60 1634
60 335
60 220
60 1189
60 609
60 240
60 614
60 878
60 879
60 112
60 116
60 631
60 1078
60 938
60 126
60 1151
61 68
61 231
61 327
61 192
61 546
61 1390
61 81
61 771
61 948
61 86
61 186
61 187
61 125
62 1418
62 142
62 164
62 293
62 294
62 174
62 183
62 449
62 199
62 73
62 205
62 646
62 79
62 80
62 111
62 115
62 247
62 248
62 122
63 895
63 517
63 1033
63 142
63 527
63 145
63 148
63 1180
63 926
63 287
63 1371
63 292
63 293
63 1066
63 1067
63 1309
63 435
63 311
63 184
63 315
63 714
63 64
63 833
63 834
63 597
63 74
63 206
63 568
63 596
63 469
63 215
63 1060
63 1114
63 987
63 1061
63 608
63 615
63 111
63 1139
63 1119
63 123
63 765
63 255
64 1037
64 142
64 145
64 1135
64 420
64 560
64 184
64 315
64 1600
64 1601
64 206
64 1119
64 359
64 104
64 615
64 236
64 111
64 123
65 141
65 407
65 792
65 153
65 1693
65 176
65 1094
65 98
65 361
65 237
65 366
65 367
65 250
65 251
65 124
66 96
66 225
66 455
66 1606
66 109
66 984
66 82
66 245
66 183
66 280
67 261
67 135
67 267
67 652
67 273
67 531
67 668
67 161
67 164
67 166
67 822
67 799
67 196
67 714
67 75
67 1443
67 86
67 472
67 221
67 225
67 742
67 107
67 1519
67 498
67 374
67 766
68 900
68 1030
68 642
68 918
68 151
68 154
68 1311
68 802
68 266
68 294
68 937
68 427
68 429
68 815
68 821
68 186
68 187
68 448
68 765
68 581
68 71
68 72
68 1225
68 207
68 81
68 467
68 341
68 86
68 983
68 292
68 355
68 100
68 101
68 102
68 1553
68 104
68 365
68 445
68 232
68 1525
68 246
68 761
68 378
68 635
68 125
69 89
69 205
69 86
69 70
70 104
70 266
70 205
70 238
70 744
70 86
70 89
71 391
71 915
71 151
71 1092
71 546
71 1198
71 186
71 187
71 72
71 77
71 83
71 736
71 225
71 482
71 102
71 103
71 232
71 108
71 497
71 1269
72 517
72 513
72 1646
72 151
72 1092
72 154
72 924
72 1311
72 164
72 553
72 427
72 558
72 562
72 821
72 186
72 187
72 77
72 467
72 81
72 83
72 341
72 292
72 91
72 864
72 225
72 102
72 103
72 108
72 532
72 880
72 497
72 243
72 246
72 148
72 345
73 646
73 527
73 405
73 1159
73 449
73 200
73 205
73 212
73 213
73 107
73 661
74 391
74 1283
74 394
74 267
74 926
74 960
74 683
74 704
74 1734
74 461
74 214
74 217
74 1371
74 221
74 224
74 613
74 364
74 1013
74 250
75 128
75 1291
75 1181
75 666
75 668
75 160
75 636
75 164
75 302
75 431
75 306
75 563
75 570
75 1631
75 449
75 592
75 85
75 221
75 165
75 482
75 99
75 195
75 359
75 489
75 629
75 631
75 1028
75 124
76 128
76 195
76 130
76 129
76 152
76 85
76 630
76 119
76 88
76 249
76 313
77 513
77 648
77 88
77 661
77 151
77 924
77 414
77 545
77 162
77 292
77 293
77 689
77 552
77 427
77 456
77 562
77 566
77 571
77 956
77 1092
77 585
77 83
77 469
77 726
77 344
77 345
77 91
77 1175
77 225
77 484
77 485
77 102
77 103
77 880
77 497
77 757
77 246
77 637
78 256
78 131
78 257
78 729
78 1422
78 912
78 276
78 277
78 278
78 279
78 793
78 794
78 1028
78 164
78 170
78 903
78 812
78 318
78 195
78 211
78 473
78 1115
78 351
78 354
78 230
78 531
78 372
78 885
78 1407
79 1418
79 199
79 174
79 80
79 248
79 122
80 1418
80 1171
80 1431
80 91
80 936
80 174
80 177
80 570
80 582
80 199
80 720
80 719
80 736
80 1644
80 244
80 248
80 249
80 122
81 396
81 401
81 1557
81 553
81 574
81 192
81 1603
81 1621
81 420
81 221
81 864
81 102
81 999
81 367
81 125
81 345
82 642
82 776
82 142
82 145
82 168
82 557
82 693
82 184
82 885
82 320
82 1089
82 455
82 332
82 211
82 1166
82 857
82 224
82 226
82 109
82 111
82 372
82 245
82 118
82 379
83 141
83 148
83 151
83 545
83 294
83 822
83 186
83 187
83 596
83 341
83 91
83 96
83 225
83 102
83 103
83 493
83 497
84 774
84 287
84 294
84 824
84 716
84 460
84 1617
84 731
84 224
84 865
84 147
85 165
85 130
85 302
85 630
85 119
85 1662
86 231
86 1130
86 1196
86 1549
86 196
86 89
86 506
86 100
87 455
87 225
87 132
87 177
87 178
87 372
87 217
87 801
87 767
88 107
88 370
88 163
88 119
88 344
88 443
88 458
88 414
89 205
90 1548
90 482
90 604
90 669
91 257
91 151
91 570
91 214
91 219
91 244
91 249
91 250
91 124
92 192
92 97
92 169
92 120
92 121
92 93
93 192
93 97
93 169
93 120
93 121
93 447
94 704
94 586
94 582
94 105
94 203
94 652
94 239
94 573
94 275
94 535
94 473
94 826
94 700
94 157
94 95
95 704
95 105
95 203
95 652
95 239
95 535
95 473
95 700
95 157
96 1030
96 141
96 109
96 661
96 545
96 294
96 820
96 952
96 569
96 865
96 463
96 464
96 339
96 596
96 225
96 493
97 229
97 509
98 517
98 141
98 1038
98 407
98 792
98 284
98 1693
98 176
98 692
98 1334
98 560
98 474
98 361
98 237
98 1138
98 250
98 124
99 146
99 540
99 1316
99 167
99 299
99 701
99 844
99 845
99 214
99 344
99 734
99 608
99 229
99 374
99 153
99 124
100 101
100 167
100 744
100 425
100 205
100 334
100 483
100 702
100 154
100 155
100 506
100 254
100 255
101 744
101 425
101 1387
101 205
101 144
101 1524
101 1717
101 154
101 155
101 1276
101 506
101 254
101 447
102 513
102 907
102 908
102 1170
102 151
102 924
102 1566
102 295
102 455
102 429
102 815
102 562
102 574
102 1014
102 469
102 861
102 225
102 103
102 104
102 880
102 114
102 1342
102 246
102 379
102 765
102 254
103 225
103 513
103 562
103 151
104 744
104 524
104 141
104 527
104 144
104 608
104 661
104 260
104 154
104 155
104 572
104 176
104 292
104 1190
104 425
104 580
104 429
104 942
104 815
104 177
104 1630
104 560
104 568
104 569
104 571
104 188
104 266
104 574
104 288
104 1227
104 289
104 420
104 205
104 974
104 461
104 209
104 471
104 345
104 861
104 1037
104 607
104 480
104 864
104 1135
104 1124
104 358
104 359
104 232
104 361
104 1549
104 236
104 877
104 238
104 111
104 113
104 115
104 500
104 246
104 121
104 250
104 379
104 124
104 255
105 1544
105 108
105 333
105 912
105 778
105 222
105 1174
105 601
105 281
105 106
106 1544
106 523
106 1174
106 1176
106 281
106 799
106 714
106 333
106 1101
106 594
106 601
106 608
106 230
107 263
107 428
107 280
107 147
107 663
107 299
107 414
107 555
107 164
107 171
107 300
107 173
107 483
107 179
107 457
107 159
107 190
107 437
107 352
107 1121
107 456
107 714
107 162
107 335
107 163
107 919
107 213
107 602
107 221
107 990
107 344
107 353
107 419
107 443
107 742
107 536
107 423
107 370
107 515
107 242
107 403
107 318
107 758
107 170
108 384
108 400
108 279
108 157
108 711
108 172
108 430
108 564
108 180
108 437
108 694
108 650
108 612
108 210
108 339
108 340
108 164
108 223
108 483
108 356
108 357
108 490
108 365
108 613
108 755
109 150
109 211
109 455
109 226
109 178
109 110
109 205
109 885
109 118
109 801
109 604
109 557
110 1153
110 150
110 411
110 1193
110 303
110 178
110 564
110 1206
110 439
110 445
110 833
110 206
110 1383
110 361
110 1259
110 756
110 118
110 1277
110 382
111 571
111 142
111 145
111 146
111 771
111 558
111 288
111 1030
111 294
111 168
111 1066
111 174
111 822
111 183
111 184
111 315
111 188
111 1281
111 206
111 341
111 1013
111 1119
111 608
111 379
111 934
111 615
111 1647
111 232
111 574
111 246
111 1470
111 121
111 123
112 1156
112 165
112 259
112 169
112 457
112 695
112 113
112 120
112 121
112 219
112 631
113 169
113 695
113 1586
113 259
113 120
113 121
113 219
114 517
114 1160
114 260
114 160
114 1200
114 164
114 295
114 626
114 1199
114 304
114 1737
114 696
114 313
114 705
114 449
114 195
114 199
114 1224
114 129
114 375
114 1016
114 470
114 697
114 357
114 1133
114 579
114 115
114 247
114 248
114 249
114 982
115 1195
115 1160
115 1417
115 528
115 659
115 660
115 1070
115 537
115 160
115 164
115 294
115 647
115 1708
115 558
115 304
115 177
115 822
115 568
115 569
115 315
115 449
115 195
115 459
115 209
115 470
115 471
115 732
115 608
115 866
115 877
115 247
115 255
116 614
116 194
116 220
116 182
116 1078
116 1694
116 1189
117 401
117 486
117 301
117 819
117 319
117 279
117 196
117 826
117 123
117 284
117 989
117 133
118 178
118 557
118 211
118 150
118 604
119 433
119 274
119 443
119 277
120 768
120 785
120 259
120 544
120 169
120 1088
120 839
120 1242
120 219
120 991
120 482
120 1003
120 1141
120 121
121 390
121 1681
121 146
121 259
121 665
121 1702
121 808
121 169
121 1088
121 982
121 1242
121 219
121 482
121 147
122 1248
122 1731
122 1489
123 1166
123 1545
123 397
123 1297
123 387
123 532
123 517
123 420
123 294
123 1069
123 819
123 184
123 1465
123 954
123 955
123 833
123 200
123 1102
123 206
123 341
123 608
123 615
123 244
123 634
123 255
123 383
124 261
124 407
124 792
124 153
124 176
124 733
124 692
124 1462
124 1336
124 1094
124 839
124 968
124 462
124 791
124 221
124 608
124 361
124 236
124 366
124 367
124 246
124 636
124 125
124 1339
125 192
125 361
125 365
125 367
125 355
125 153
126 751
126 1052
126 938
126 309
126 310
126 319
126 194
126 712
126 335
126 220
126 609
126 1634
126 878
126 879
126 752
126 959
127 132
127 262
127 321
127 591
127 592
127 793
127 350
127 421
128 1669
128 385
128 399
128 658
128 1684
128 152
128 410
128 164
128 165
128 1323
128 449
128 961
128 195
128 461
128 889
128 1362
128 343
128 348
128 962
128 483
128 486
128 1389
128 366
128 367
128 168
128 147
128 247
128 888
128 249
128 893
129 1411
129 1172
129 398
129 271
129 272
129 1432
129 532
129 791
129 796
129 832
129 289
129 164
129 937
129 413
129 180
129 309
129 310
129 969
129 313
129 565
129 192
129 195
129 566
129 198
129 417
129 588
129 597
129 982
129 616
129 1132
129 621
129 1768
129 375
129 249
130 1191
130 302
130 152
130 759
131 351
132 225
132 321
132 372
132 350
133 1728
133 1640
133 716
133 814
133 401
133 196
133 1055
133 319
134 800
134 194
134 769
134 258
134 156
134 182
134 253
134 415
135 160
135 357
135 1443
135 136
135 531
135 796
135 287
136 160
136 357
136 796
136 287
137 640
137 656
137 138
137 203
137 1454
137 528
137 191
137 639
138 640
138 656
138 203
138 1454
138 528
138 191
138 639
139 643
139 1541
139 775
139 264
139 1674
139 140
139 402
139 275
139 665
139 283
139 709
139 296
139 299
139 557
139 318
139 581
139 219
139 477
139 874
139 875
139 387
139 382
140 801
140 267
140 775
140 264
140 283
140 219
140 1749
141 493
141 792
141 153
141 545
141 294
141 176
141 161
141 596
141 361
141 237
141 250
142 1030
142 1281
142 1165
142 145
142 293
142 294
142 168
142 1066
142 174
142 183
142 184
142 212
142 213
142 608
142 1013
142 379
143 360
143 1546
143 525
143 911
143 144
143 338
143 724
143 1753
143 731
143 189
144 525
144 1753
144 154
144 155
144 1190
144 825
144 607
144 315
144 189
144 580
144 461
144 338
144 724
144 729
144 731
144 735
144 480
144 1124
144 911
144 360
144 1524
144 246
144 762
144 1663
145 168
145 1322
145 857
145 1757
146 512
146 147
146 662
146 280
146 1689
146 539
146 285
146 1702
146 808
146 1331
146 188
146 701
146 200
146 458
146 204
146 463
146 603
146 249
146 1660
147 662
147 919
147 1688
147 1689
147 539
147 164
147 808
147 816
147 1201
147 313
147 442
147 204
147 978
147 982
147 1755
147 221
147 354
147 868
147 1638
147 1000
147 512
147 893
148 786
148 287
148 164
148 558
148 560
148 1202
148 822
148 311
148 1725
148 192
148 193
148 459
148 209
148 1493
148 218
148 605
148 608
148 232
148 243
148 376
148 255
148 765
148 149
149 608
149 865
149 294
149 1128
149 1071
149 266
149 459
149 1231
149 733
149 243
149 1493
149 950
149 311
149 1076
149 315
149 413
149 1364
150 993
150 178
150 389
151 513
151 1543
151 924
151 562
151 214
151 225
151 1513
151 880
151 497
151 246
151 250
152 302
153 361
153 334
154 260
154 517
154 1409
154 1034
154 396
154 527
154 1041
154 532
154 661
154 580
154 155
154 289
154 292
154 1190
154 429
154 942
154 861
154 435
154 311
154 185
154 571
154 572
154 735
154 1479
154 1036
154 461
154 207
154 825
154 345
154 349
154 607
154 480
154 1040
154 1124
154 232
154 500
154 246
154 1300
154 1278
155 266
155 771
155 1190
155 825
155 607
155 315
155 580
155 461
155 207
155 1124
155 735
155 480
155 246
155 254
156 614
156 270
156 1589
156 567
156 415
157 586
157 582
157 652
157 203
157 239
157 275
157 755
157 826
157 573
158 164
158 1394
158 305
158 947
158 441
158 409
158 1083
158 159
159 458
159 162
159 164
159 1394
159 335
159 496
159 305
159 947
159 1659
159 441
159 1307
159 409
159 1083
159 445
160 672
160 357
160 449
160 174
160 1636
160 247
160 901
160 164
160 199
160 287
161 261
161 176
161 292
161 677
161 294
161 813
161 303
161 692
161 791
161 604
161 221
161 169
162 299
162 912
162 277
162 414
162 672
162 673
162 163
162 164
162 555
162 428
162 433
162 1615
162 344
162 1639
162 1384
163 555
163 164
163 433
163 1384
163 428
163 344
163 277
163 299
164 555
164 341
164 165
164 1201
164 299
164 428
164 816
164 433
164 1353
164 441
164 1338
164 189
164 1608
164 338
164 213
164 249
164 221
164 354
164 868
164 1765
164 195
164 487
164 1000
164 1008
164 247
164 255
165 1643
165 1156
165 631
165 1677
165 302
165 306
165 1597
165 449
165 450
165 195
165 457
165 761
165 346
165 347
165 233
165 234
165 167
165 247
165 249
165 1151
165 1642
165 510
165 725
166 225
166 221
167 279
167 1716
167 309
167 447
167 334
167 335
167 208
167 1488
167 483
167 240
167 374
167 766
168 461
169 649
169 266
169 259
169 670
169 292
169 294
169 988
169 813
169 574
169 1088
169 1740
169 467
169 345
169 1242
169 219
169 488
169 621
169 1013
169 1021
169 255
170 256
170 257
170 171
170 179
170 520
170 173
170 205
170 276
170 277
170 278
170 354
171 227
171 422
171 326
171 680
171 681
171 173
171 559
171 710
171 242
171 179
171 473
171 522
172 458
172 679
172 694
172 248
172 697
172 426
173 515
173 179
173 663
174 416
174 357
174 294
174 1013
174 1066
174 175
174 318
174 535
174 608
174 1030
174 1418
175 416
175 848
175 535
175 763
176 262
176 407
176 1670
176 178
176 692
176 1356
176 845
176 1357
176 743
176 361
176 367
176 250
176 1279
177 389
177 1459
177 304
177 568
177 569
177 736
177 582
177 209
177 471
177 217
177 608
177 1467
177 877
177 503
177 767
178 226
178 205
179 386
179 228
179 710
179 291
179 685
179 227
179 475
180 1411
180 1132
180 400
180 664
180 402
180 403
180 1172
180 418
180 937
180 430
180 561
180 1075
180 564
180 778
180 1346
180 333
180 334
180 597
180 613
180 1428
181 1103
181 182
182 194
182 772
182 769
182 258
182 271
182 272
182 337
182 473
182 1103
182 1258
182 253
182 415
183 1473
183 293
183 294
183 1730
183 246
183 280
183 188
184 1165
184 1685
184 795
184 1208
184 315
184 580
184 332
184 211
184 1119
184 467
184 383
185 1409
185 260
185 1479
185 558
185 527
185 1040
185 1041
185 435
185 500
185 311
185 1278
186 900
186 397
186 420
186 295
186 187
186 707
186 581
186 1098
186 341
186 983
186 292
186 1520
186 761
186 635
186 1406
187 292
187 246
187 341
188 288
188 1730
188 574
188 1450
188 232
188 213
188 246
188 212
188 379
188 345
188 1215
189 1008
189 487
189 1608
189 1353
189 525
189 338
189 762
189 1663
190 320
190 352
190 1121
190 300
190 589
190 1519
190 881
190 242
190 275
190 693
190 251
190 413
190 318
191 640
191 1604
191 390
191 808
191 203
191 1615
191 1507
191 1211
191 639
192 391
192 1432
192 1049
192 292
192 1330
192 266
192 193
192 469
192 218
192 740
192 209
192 232
192 1300
192 255
193 232
193 209
193 218
194 769
194 258
194 415
194 800
194 938
194 309
194 310
194 959
194 220
194 609
194 614
194 878
194 879
194 253
195 1417
195 395
195 528
195 279
195 1436
195 286
195 287
195 1195
195 823
195 1677
195 761
195 732
195 898
195 233
195 234
195 619
195 620
195 1389
195 758
195 249
196 518
196 663
196 802
196 284
196 290
196 1324
196 434
196 1203
196 319
196 1729
196 694
196 326
196 327
196 333
196 334
196 474
196 998
196 401
196 368
196 1010
196 1396
196 374
196 1271
197 1349
197 198
197 298
197 653
198 1349
198 298
198 653
198 1744
198 465
198 718
198 511
199 400
199 418
199 1636
199 971
199 626
199 1304
199 248
199 921
199 922
200 833
200 1064
200 1660
200 1159
200 527
200 1331
200 661
200 280
200 860
200 255
201 235
201 203
202 1344
202 322
202 1772
202 727
202 780
202 750
202 337
202 1106
202 691
202 1327
202 393
202 728
202 940
202 1096
202 687
203 640
203 408
203 275
203 665
203 542
203 543
203 817
203 297
203 684
203 1374
203 606
203 438
203 582
203 586
203 598
203 656
203 235
203 748
203 239
203 499
203 245
203 759
203 573
203 639
204 662
204 313
204 539
205 646
205 520
205 266
205 1196
205 449
205 593
205 1630
205 226
205 238
205 744
205 254
206 1206
206 615
206 268
206 245
207 429
207 246
207 254
208 1622
208 314
208 538
209 1301
209 413
209 292
209 293
209 294
209 568
209 569
209 1340
209 1095
209 460
209 471
209 218
209 1756
209 608
209 877
209 232
210 356
210 1062
210 1023
210 359
210 440
210 339
210 340
210 437
210 342
210 376
210 219
210 252
210 413
210 223
211 729
211 332
211 557
211 693
211 473
212 902
212 358
212 213
212 250
212 1450
212 1215
213 244
213 1450
213 902
213 1215
214 225
214 622
214 378
214 250
214 221
214 394
215 1568
215 292
215 527
215 275
215 311
215 216
215 895
215 1180
216 1440
216 295
216 275
216 638
216 574
217 1287
217 869
217 1734
217 340
217 287
218 229
218 232
218 365
219 263
219 264
219 1062
219 257
219 439
219 315
219 779
219 1484
219 376
219 359
219 1023
220 1483
220 878
220 609
220 938
220 879
220 309
220 310
220 959
221 394
221 1688
221 261
221 423
221 442
221 799
221 224
221 232
221 488
221 632
221 1657
221 1534
222 903
222 808
222 281
223 384
223 357
223 264
223 265
223 654
223 655
223 520
223 437
223 342
223 279
223 412
223 252
223 556
224 1089
224 391
224 1013
224 560
224 1166
224 1657
224 1300
224 255
225 1543
225 266
225 834
225 540
225 445
225 984
225 1606
225 267
225 602
225 1513
225 622
225 372
225 504
225 250
225 507
226 320
226 642
226 1435
226 776
226 937
226 910
226 1232
226 1045
226 1391
227 386
227 291
227 228
227 422
227 326
227 680
227 681
227 522
227 685
227 559
227 475
227 476
228 386
228 291
228 424
228 685
228 559
228 1112
228 475
228 476
229 540
229 805
229 1328
229 307
229 1461
229 442
229 452
229 329
229 844
229 845
229 1251
229 1722
229 734
229 365
230 594
230 372
230 885
230 793
230 794
230 1028
231 739
231 548
232 391
232 1034
232 396
232 1682
232 558
232 1175
232 288
232 546
232 293
232 425
232 429
232 1299
232 574
232 966
232 1198
232 292
232 1573
232 736
232 482
232 238
232 915
232 1269
232 246
232 771
232 378
232 635
232 255
233 353
233 234
233 528
233 595
233 446
233 249
233 286
234 353
234 249
234 250
234 286
235 1044
236 1030
236 781
236 1690
236 416
236 1569
236 932
236 294
236 560
236 420
236 1037
236 336
236 1113
236 1120
236 995
236 359
236 1135
236 1654
236 763
236 1533
237 1518
237 1743
237 251
237 1693
238 771
238 292
238 266
238 744
238 429
238 741
238 966
238 1265
238 1630
238 255
241 818
242 320
242 352
242 710
242 422
242 1121
242 300
242 1347
242 1259
242 413
242 318
243 294
243 558
243 529
243 786
243 1646
243 311
243 315
243 1468
243 605
244 354
244 1155
244 581
244 1289
244 318
244 249
244 570
244 1619
245 385
245 1026
245 1025
245 268
245 663
245 408
245 1308
245 542
245 543
245 1315
245 424
245 1412
245 299
245 684
245 436
245 438
245 455
245 852
245 349
245 606
245 1762
245 499
245 505
245 1022
246 461
246 390
246 513
246 264
246 266
246 1549
246 924
246 288
246 296
246 425
246 429
246 1462
246 825
246 735
246 608
246 580
246 292
246 607
246 480
246 1339
246 1004
246 880
247 537
247 249
247 315
248 679
248 748
248 429
248 876
248 1532
248 626
248 720
248 801
249 520
249 1028
249 1441
249 603
249 1065
249 1031
249 1325
249 285
249 819
249 570
249 449
249 1442
249 463
249 600
249 932
249 1244
249 293
249 366
249 367
249 251
250 257
250 1573
250 457
250 1463
250 269
250 855
250 1275
250 358
250 361
250 888
250 507
251 517
251 257
251 770
251 932
251 693
251 577
251 570
251 578
251 1293
251 1316
251 865
251 1519
251 881
251 378
252 356
252 1306
252 339
252 340
252 437
252 280
252 1242
252 413
253 769
253 258
253 415
254 295
254 425
254 1542
254 460
254 1136
254 702
254 255
255 517
255 1300
255 391
255 266
255 1420
255 397
255 782
255 941
255 345
255 1309
255 287
255 545
255 930
255 966
255 294
255 532
255 429
255 1437
255 1202
255 1299
255 822
255 311
255 829
255 702
255 1319
255 326
255 420
255 460
255 467
255 596
255 341
255 470
255 292
255 987
255 860
255 1573
255 1572
255 359
255 1542
255 935
255 1069
255 1021
255 1136
255 830
255 425
255 771
255 634
255 765
255 469
256 257
256 354
256 276
256 277
256 278
257 524
257 276
257 277
257 278
257 1562
257 670
257 570
257 574
257 354
258 769
258 415
259 481
259 1586
259 319
260 292
260 289
260 942
260 558
260 527
260 1040
260 1041
260 435
260 661
260 822
260 311
260 571
260 572
260 861
260 1278
261 306
261 791
261 792
261 319
262 321
262 492
262 793
262 605
262 350
263 418
263 779
263 357
263 758
263 403
263 437
263 342
263 280
264 384
264 1004
264 709
264 296
264 265
264 556
264 494
264 279
264 412
265 384
265 759
265 556
265 494
265 279
265 1338
265 412
266 391
266 469
266 744
266 1037
266 597
266 1553
266 1300
266 546
266 1571
266 326
266 294
266 1071
266 1076
266 950
266 311
266 315
266 1128
266 834
266 865
266 1098
266 979
266 1364
266 341
266 292
266 1243
266 733
266 1630
266 933
266 497
266 501
266 1577
266 771
266 634
266 635
267 406
267 1194
267 1223
267 452
267 839
267 842
267 1615
267 1499
267 604
268 960
269 855
270 1189
270 614
270 567
270 415
271 1408
271 272
271 1582
271 810
271 1326
271 1587
271 309
271 310
271 832
271 588
271 1360
271 337
271 853
271 599
271 728
271 1526
272 787
272 687
272 688
272 298
272 1456
272 309
272 310
272 1082
272 832
272 588
272 337
272 599
272 1760
272 749
273 420
273 647
273 472
273 498
273 372
273 1031
274 389
274 969
274 433
274 1267
274 1268
274 277
274 1237
275 402
275 1172
275 564
275 573
275 318
275 582
275 586
275 589
275 978
275 1238
275 477
275 630
276 354
276 277
276 278
277 1384
277 433
277 278
277 354
277 299
278 354
278 1115
279 384
279 284
279 412
279 690
279 437
279 1488
279 357
279 486
279 1530
280 912
280 403
280 1306
280 414
280 1064
280 1331
280 1322
280 456
280 437
280 833
280 334
280 1242
280 1660
280 370
280 758
280 383
282 1295
282 634
283 643
283 775
283 557
283 798
284 401
284 486
284 1770
284 1764
284 474
284 989
285 603
285 1031
285 520
285 1231
285 1230
285 463
285 1288
285 1172
285 376
285 1244
286 528
286 353
287 395
287 796
287 1309
287 987
287 292
287 731
287 869
287 865
287 357
287 358
287 359
287 596
287 340
288 1185
288 1180
288 813
288 377
288 376
288 345
289 796
289 621
289 942
289 861
289 616
289 532
289 565
289 566
289 292
289 571
289 572
289 413
289 661
290 1218
290 1217
290 1512
290 368
290 434
290 1396
290 996
291 386
291 424
291 685
291 559
291 1112
291 475
291 478
291 479
292 771
292 517
292 391
292 397
292 532
292 661
292 1175
292 1180
292 987
292 293
292 294
292 427
292 429
292 942
292 1309
292 469
292 564
292 311
292 572
292 574
292 1376
292 707
292 326
292 585
292 1183
292 974
292 596
292 341
292 966
292 420
292 1626
292 527
292 1756
292 861
292 735
292 992
292 571
292 560
292 358
292 1361
292 1525
292 1520
292 754
292 1406
292 376
292 1300
292 813
292 895
292 894
293 517
293 396
293 661
293 1175
293 294
293 427
293 429
293 558
293 435
293 568
293 1095
293 1354
293 469
293 854
293 600
293 733
293 831
293 1301
294 517
294 1030
294 1040
294 545
294 546
294 1066
294 1069
294 558
294 564
294 576
294 1095
294 1113
294 1627
294 608
294 1132
294 532
294 634
294 635
294 646
294 661
294 1202
294 1720
294 1569
294 733
294 754
294 786
294 1301
294 813
294 1333
294 822
294 315
294 831
294 326
294 1354
294 854
294 1376
294 358
294 1120
294 376
294 391
294 396
294 397
294 932
294 934
294 429
294 501
294 1089
294 460
294 974
294 1494
294 476
294 995
294 1510
294 493
294 497
294 1013
294 596
295 1170
295 833
295 1566
295 1098
295 1047
295 429
295 783
295 784
295 1342
295 469
295 1046
295 311
295 574
295 861
295 1440
296 709
296 1004
297 388
297 598
297 748
297 589
297 438
297 1337
297 665
297 318
298 653
298 599
299 1537
299 1541
299 404
299 665
299 555
299 428
299 433
299 1460
299 315
299 852
299 349
299 1384
299 747
299 1147
300 352
300 1121
300 1259
300 1224
300 1039
300 1347
300 980
300 1692
300 318
301 826
302 450
302 725
303 677
303 1153
303 1255
303 1256
303 756
303 411
303 445
304 865
304 1160
304 530
304 941
304 659
304 660
305 1083
305 458
305 335
305 1394
305 947
305 441
305 1307
305 409
305 445
306 361
306 631
306 319
307 452
307 1063
307 329
307 1328
307 1251
307 314
308 1194
308 589
308 529
308 413
309 1052
309 938
309 310
309 959
309 832
309 1476
309 1349
309 588
309 335
309 609
309 1634
309 878
309 879
309 1403
310 588
310 832
310 609
310 938
310 878
310 879
310 959
311 1420
311 529
311 786
311 1071
311 1180
311 941
311 558
311 733
311 560
311 1202
311 1076
311 950
311 1468
311 1725
311 833
311 326
311 1364
311 469
311 527
311 605
311 865
311 1128
311 376
311 895
311 765
312 760
312 553
314 770
314 1063
314 1450
314 1451
314 432
314 315
314 835
314 1622
314 1115
314 1375
314 737
314 994
314 372
314 886
314 887
314 1272
315 1537
315 525
315 537
315 517
315 470
315 432
315 1077
315 833
315 966
315 459
315 342
315 729
315 476
315 1501
315 1119
315 608
315 737
315 360
315 877
315 372
315 771
315 1343
315 1278
315 661
316 322
316 1005
316 1678
316 752
316 360
316 1434
316 847
316 317
317 322
317 1005
317 752
317 360
317 847
318 387
318 388
318 649
318 909
318 1155
318 535
318 797
318 679
318 875
318 1337
318 1212
318 581
318 457
318 589
318 1619
318 477
318 352
318 1121
318 1129
318 874
318 1008
318 531
319 1580
319 1178
319 1324
319 1335
319 334
319 987
319 349
319 481
319 361
319 490
319 1010
319 1271
320 776
320 642
320 413
321 793
321 350
322 896
322 897
322 780
322 1683
322 687
322 1448
322 940
322 1327
322 691
322 1079
322 1080
322 953
322 1344
322 323
322 1096
322 1106
322 1341
322 1721
322 1373
322 1118
322 1020
322 750
322 751
322 752
322 1587
322 1402
322 892
323 896
323 897
323 587
323 1020
323 360
323 1683
323 1547
323 953
323 892
323 1341
324 575
324 325
325 575
326 1420
326 1037
326 941
326 663
326 802
326 422
326 680
326 681
326 429
326 559
326 564
326 522
326 327
326 593
326 979
326 469
326 473
326 986
326 1551
326 1117
326 1376
326 1105
326 495
326 496
326 754
326 376
327 1105
327 1738
327 1383
327 802
327 1117
327 495
327 496
327 593
327 663
328 1666
328 1029
328 404
328 1112
329 452
329 1251
329 1328
329 1540
329 540
329 734
330 331
332 467
332 795
332 383
333 1480
333 334
333 664
333 373
333 1174
333 1148
333 981
334 699
334 912
334 451
334 981
334 604
334 483
334 664
334 1148
335 1706
335 458
335 369
335 1716
335 1495
335 409
335 443
335 445
336 547
336 781
336 371
336 763
337 780
337 691
338 1008
338 487
338 360
338 1353
338 1546
338 1388
338 1555
338 1235
338 1236
338 447
339 865
339 356
339 1030
339 340
339 661
339 569
339 952
339 413
340 1635
340 356
340 873
340 1142
340 413
341 771
341 900
341 1553
341 1311
341 1571
341 427
341 821
341 822
341 571
341 581
341 420
341 983
341 992
341 467
341 761
342 1024
342 418
342 357
342 1222
342 1063
342 1221
342 782
342 1077
342 470
343 385
343 962
343 1605
343 961
343 1612
343 1362
343 399
343 658
343 1669
345 646
345 647
345 1036
345 1037
345 1300
345 545
345 678
345 427
345 429
345 574
345 467
345 349
345 864
345 1021
345 754
345 553
345 765
346 347
348 410
349 481
349 683
349 1300
349 747
349 1036
349 404
349 1590
349 852
349 1147
349 1178
349 1460
350 418
350 1574
350 402
350 403
350 1204
350 793
351 483
351 730
352 1121
353 385
353 419
353 623
353 528
353 595
353 457
353 536
354 1000
354 1289
354 1611
354 1610
354 816
354 1201
354 868
355 365
356 413
357 384
357 1413
357 403
357 418
357 548
357 549
357 560
357 437
357 454
357 586
357 988
357 358
357 1397
358 1413
358 1030
358 786
358 923
358 549
358 686
358 560
358 945
358 946
358 568
358 569
358 864
358 1602
358 585
358 548
358 932
358 608
358 359
358 1516
358 1262
359 1030
359 1420
359 1037
359 923
359 1437
359 545
359 420
359 1062
359 427
359 1572
359 686
359 560
359 1592
359 1400
359 932
359 1370
359 1249
359 1262
359 1135
359 376
359 1023
360 752
360 847
360 731
360 587
360 1266
360 525
360 749
360 1652
360 617
360 1005
360 729
361 792
362 363
364 704
365 1539
365 625
365 452
365 504
365 1532
365 773
366 1094
366 1287
366 367
367 1287
367 401
367 1603
367 1094
367 457
367 743
368 434
369 1495
370 456
370 414
371 547
371 763
372 1303
372 793
372 794
372 1028
372 432
372 460
372 729
372 1131
372 885
374 375
376 1172
376 1288
376 1162
376 1163
376 396
376 397
376 405
376 558
376 431
376 564
376 949
376 1376
376 1164
376 1230
376 1231
376 605
376 608
376 1062
376 754
376 377
376 1023
377 431
378 865
378 770
378 517
378 707
378 1293
378 591
378 592
378 1316
378 574
380 381
380 1159
381 1159
381 501
381 502
382 704
382 1259
382 904
382 905
382 1440
382 468
382 917
382 1686
382 1018
382 604
382 1674
382 581
383 1322
384 556
384 437
384 412
385 962
385 993
385 516
385 1285
385 961
385 457
385 1091
385 1090
385 399
385 658
385 595
385 1762
385 1471
385 1286
385 1154
386 685
386 475
386 476
387 1545
387 874
387 875
387 477
388 589
389 1280
389 969
389 1260
389 782
389 661
389 1529
389 932
389 1179
390 1284
390 808
391 1319
391 546
391 469
391 822
391 1300
391 1013
392 691
392 1270
394 1283
394 1515
396 646
396 554
396 397
396 558
396 1522
396 1365
396 1034
396 1557
397 517
397 554
397 1069
397 1520
397 532
397 420
397 634
397 1406
398 417
399 962
399 961
399 658
400 418
400 1411
400 971
400 430
400 402
400 403
400 1304
400 564
401 486
402 418
402 1431
402 1427
402 1574
402 403
402 430
402 1714
402 470
402 1305
402 1204
403 418
403 1204
403 1574
403 430
403 437
403 758
404 1666
404 747
404 1029
404 1460
404 1112
404 1147
405 431
407 692
407 1336
408 1412
408 1022
408 424
408 1006
408 684
408 846
408 499
408 438
408 606
408 542
408 543
409 458
409 445
411 805
411 1318
411 1127
411 445
412 556
413 529
413 532
413 796
413 671
413 420
413 1340
413 459
413 460
413 589
413 975
413 1506
414 672
414 673
414 456
414 912
414 566
415 614
415 769
415 567
416 738
416 781
416 473
416 763
416 1533
418 971
418 1574
418 430
418 1204
418 1304
419 843
419 457
419 623
419 871
419 536
419 671
420 647
420 427
420 1437
420 560
420 1400
420 1037
420 1572
420 1249
420 1506
420 1386
420 999
420 1135
420 1520
420 1031
420 1019
420 1406
422 710
422 680
422 681
422 522
422 559
422 1205
422 1145
422 473
422 1707
422 1093
423 799
424 1043
424 1057
424 517
424 1363
424 1099
424 559
424 1112
424 1042
424 451
424 436
424 1259
424 1524
424 890
424 863
424 899
424 478
424 479
425 519
425 1387
425 429
425 702
425 1717
425 735
426 505
426 458
427 1249
427 821
427 1175
427 467
427 661
427 754
427 1400
427 1311
427 1525
427 469
428 555
428 1679
428 433
428 788
429 771
429 876
429 1037
429 801
429 831
429 1354
429 720
429 854
429 966
429 733
429 607
429 745
429 748
429 1532
430 1411
430 521
430 522
430 564
431 1181
432 737
433 1384
433 1679
435 646
435 647
435 517
435 1040
435 1041
435 822
435 568
435 571
435 572
435 1278
436 1315
436 663
436 505
436 1308
436 447
437 1169
437 1145
437 758
438 748
438 684
438 817
438 499
438 598
438 665
438 606
438 542
438 543
439 1379
439 807
439 464
439 729
440 753
441 1307
441 1394
441 947
441 1083
441 444
442 1461
443 456
443 483
444 674
445 756
445 602
445 458
446 1318
446 1607
446 1068
447 1570
447 708
447 1388
447 1710
447 1276
447 766
448 802
448 918
448 798
449 517
449 537
449 646
449 470
449 1128
449 877
449 498
450 725
450 858
450 510
450 1567
451 1057
451 1424
451 856
451 1247
452 1251
452 1328
452 1624
452 1499
452 1194
452 1173
453 1475
453 706
453 851
453 1314
453 454
454 560
454 706
454 1314
455 801
455 1014
455 574
455 885
456 566
457 1156
457 909
457 536
457 671
457 1463
457 843
457 595
457 871
457 757
457 631
457 1275
458 701
459 608
459 866
459 647
459 877
459 471
459 1593
459 1594
459 1493
460 1137
460 641
460 1340
460 1542
460 702
460 1303
460 1754
461 647
461 1190
461 813
461 825
461 607
461 580
461 462
461 732
461 735
461 480
461 1124
461 507
462 642
462 968
462 732
462 507
463 603
463 464
464 1379
464 807
464 729
465 718
465 511
466 553
466 467
466 1662
466 590
467 517
467 1294
467 795
467 1311
467 560
467 821
467 590
467 553
467 1021
467 1662
468 704
468 917
468 604
469 1037
469 1170
469 1300
469 661
469 1175
469 1566
469 1066
469 1067
469 1342
469 833
469 585
469 1114
469 861
469 1132
470 1427
470 877
470 1077
470 1714
470 537
471 608
471 866
471 647
471 877
471 568
471 569
472 1648
472 498
472 1177
472 1304
473 772
473 522
473 680
473 681
473 559
473 1732
473 729
473 858
473 859
473 1500
473 738
473 1509
473 1258
473 1006
473 1647
473 1320
475 685
476 608
477 874
477 875
477 698
478 479
480 580
480 1190
480 1124
480 825
480 735
480 607
481 721
481 778
481 1178
482 544
482 736
482 870
482 489
482 666
482 768
482 991
483 1684
483 1323
483 721
483 730
483 486
483 888
483 889
484 485
484 1254
484 648
484 1771
484 846
484 1466
485 648
485 1254
485 846
486 1152
486 1323
486 972
486 973
486 558
486 1684
486 888
486 889
486 605
486 1151
487 1608
487 1353
487 1008
488 1085
488 1523
488 649
488 1048
488 1084
489 1751
489 666
490 1415
490 651
490 533
490 534
490 846
490 849
490 1239
490 1240
490 987
490 612
490 613
490 491
490 1395
491 651
491 804
491 621
492 605
493 545
493 839
493 596
493 1400
493 1627
495 1105
495 496
495 593
495 1117
496 593
496 1105
496 1659
496 1117
497 1537
497 884
497 546
497 1735
497 693
497 628
497 574
497 617
497 618
497 1140
497 501
497 634
497 635
499 1412
499 1022
499 684
499 606
499 542
499 543
500 1409
500 527
501 546
501 502
501 634
501 635
503 929
503 1097
504 540
505 1315
505 663
505 538
505 1308
505 671
507 732
508 1504
508 804
508 509
509 1504
509 804
510 725
511 718
513 880
513 562
513 924
514 803
514 515
515 803
515 663
516 1296
516 993
517 1038
517 1069
517 1343
517 532
517 661
517 1200
517 813
517 1199
517 560
517 1333
517 568
517 1293
517 1316
517 770
517 634
517 865
517 1363
517 1259
517 1278
519 967
519 735
520 932
520 951
520 654
520 655
520 535
521 1321
521 522
521 564
521 862
522 680
522 559
522 1320
522 564
522 681
522 1321
522 862
524 1227
524 670
524 1562
524 574
525 729
526 1352
527 1409
527 1159
527 661
527 895
527 1180
528 732
529 1228
529 589
529 605
529 560
529 786
529 1468
530 865
530 941
531 1443
531 729
532 634
532 1069
532 796
533 534
535 1742
535 932
535 581
535 1250
535 951
535 1212
536 623
537 877
538 671
539 1689
539 662
540 1540
540 1002
540 844
540 845
540 1722
540 734
541 790
542 684
542 606
542 543
543 684
543 606
544 768
544 870
544 991
545 829
545 782
545 596
545 1592
545 934
545 733
545 830
546 1254
546 1198
546 850
546 915
546 1220
546 634
546 635
546 849
546 1269
547 763
548 739
548 549
548 1413
548 988
549 988
550 839
550 551
551 839
552 757
552 956
552 637
553 864
553 1186
553 590
554 1365
555 1583
555 1301
555 1142
557 1184
557 643
557 693
557 798
558 1040
558 1647
558 974
558 605
558 1646
559 681
559 680
559 1112
560 1420
560 1037
560 1038
560 786
560 571
560 1725
560 608
560 585
560 1228
560 1370
560 736
560 1135
560 1300
562 815
563 636
564 1411
564 1193
564 833
564 978
564 1238
564 862
564 1376
564 754
564 630
564 1321
564 1277
565 616
565 621
565 566
566 621
566 616
567 614
568 608
568 1516
568 877
568 686
568 569
569 608
569 952
569 1030
569 877
569 661
569 865
569 686
570 629
570 1438
571 771
571 661
571 942
571 943
571 689
571 822
571 572
571 574
571 585
571 1361
571 726
571 861
571 1759
571 736
572 942
572 661
572 861
573 582
573 586
573 1374
574 1240
574 1682
574 670
574 1440
574 675
574 707
574 676
574 861
574 867
574 1361
574 884
574 1014
574 637
577 578
579 696
579 697
579 705
580 1124
580 1190
580 1208
580 1485
580 881
580 825
580 735
580 607
581 1155
581 900
581 1032
581 1674
581 1680
581 1431
581 1212
581 1742
581 1619
581 983
581 1250
581 761
582 736
582 586
582 1374
583 584
583 644
583 645
584 644
584 645
585 1132
585 689
585 726
586 1374
586 1214
586 1213
586 1176
586 1596
586 1397
587 1547
587 787
588 832
588 872
588 1355
588 599
588 847
590 1662
591 592
593 1105
593 1117
594 840
594 841
594 1712
594 1477
594 601
594 714
594 799
596 987
596 1309
597 834
597 937
597 1132
597 1172
597 1243
598 748
598 817
598 665
599 1326
599 1587
601 1544
601 840
601 1447
601 1359
601 1477
601 841
601 1209
601 714
601 799
602 1469
602 857
603 1031
604 699
604 917
605 786
605 1468
606 684
607 1190
607 1124
607 745
607 1136
607 1416
607 825
607 764
607 735
608 771
608 1030
608 1033
608 1164
608 1176
608 1339
608 1139
608 1316
608 1066
608 952
608 949
608 1462
608 833
608 714
608 1101
608 1102
608 1231
608 1493
608 864
608 1377
608 1378
608 1465
608 877
608 1013
609 938
609 878
609 879
609 959
610 906
610 611
610 685
611 685
611 906
612 891
612 613
613 1579
613 1428
613 683
613 1346
613 1241
613 891
614 1182
615 1455
616 621
617 618
617 749
619 898
619 620
619 758
620 898
620 758
621 804
621 988
621 1013
624 773
624 1425
624 970
624 1356
624 1104
624 625
624 732
625 1104
625 773
625 1356
625 1425
625 732
627 1598
627 1478
627 807
628 1140
628 1735
629 1438
630 978
630 1238
631 1156
632 1009
632 633
634 1069
634 635
634 1295
635 1175
636 839
637 757
637 1240
637 956
638 695
638 729
639 640
641 1508
641 1773
641 1455
641 657
641 1754
642 776
643 798
644 645
645 746
645 710
646 647
646 1132
646 1522
646 1720
647 1031
647 1192
647 813
647 866
648 1254
648 846
649 1611
649 797
650 711
652 766
654 655
657 1508
657 1773
657 1455
658 962
658 961
658 1362
659 1708
659 1070
659 660
659 822
660 1708
660 1070
660 822
661 1030
661 1159
661 782
661 942
661 1175
661 952
661 1343
661 932
661 861
661 865
661 1260
661 1529
661 1278
662 1208
663 802
663 1315
663 1308
665 1681
665 748
665 817
665 1541
668 704
671 1674
671 871
671 1704
671 1578
671 843
671 975
671 1233
671 1368
672 673
672 901
672 912
673 912
675 867
675 676
675 1726
675 861
675 1727
676 867
676 861
678 765
679 1129
679 1008
679 697
680 1320
680 681
681 1320
682 1581
682 1457
682 683
682 1197
682 703
683 1197
683 1581
683 1590
683 703
684 1672
684 1673
684 1068
684 1107
685 906
686 932
686 923
687 1056
687 688
687 1344
687 940
687 780
687 750
687 1576
687 1106
687 691
687 1079
687 1080
687 1327
688 1056
688 1576
689 726
691 750
691 1096
692 913
693 1537
693 881
693 1519
694 1203
695 1733
695 729
696 705
696 697
697 705
699 1618
699 1561
700 704
703 1457
703 1197
710 1219
710 1035
710 746
710 1234
710 1233
710 1492
710 1707
710 1667
710 1034
710 1599
712 713
714 833
714 1544
714 742
714 840
714 841
714 1101
714 1139
714 1477
714 1033
714 1176
714 799
714 1209
716 809
716 717
717 809
719 720
719 1171
719 1431
719 801
720 801
720 876
720 748
720 1171
720 1431
720 1532
722 816
722 1651
722 723
723 816
723 1651
727 728
727 1536
728 1536
728 810
729 1379
729 1733
731 865
731 1006
731 1171
731 1687
731 1753
731 1007
731 1116
732 1104
732 970
732 1356
733 1071
733 1076
733 950
733 831
733 1354
733 1364
733 854
733 865
733 934
733 1128
734 1259
734 844
734 845
734 1540
735 967
735 825
735 1626
736 1261
736 1715
738 772
739 740
739 1349
739 1001
739 1514
740 1349
740 1001
740 1514
740 1330
740 1049
741 1265
743 1633
743 965
743 1450
745 1416
745 764
746 1219
747 1147
747 1460
748 801
748 876
748 817
748 1532
750 1344
750 940
750 780
750 1327
750 1106
751 752
751 1448
751 1373
752 1448
752 1005
752 1373
752 847
754 1376
754 1122
754 813
754 974
754 1486
754 985
754 986
757 956
758 898
759 1191
759 1338
761 1030
761 937
761 1225
761 1677
761 983
761 900
763 848
764 1136
764 1416
767 1459
767 1467
768 870
768 991
770 865
770 994
770 1316
770 887
770 1293
770 782
770 1458
770 835
770 1115
770 886
770 1272
770 1375
771 1027
771 1390
771 1183
771 948
771 822
771 952
771 966
771 1763
771 1188
771 1531
771 894
772 1258
773 1425
776 935
777 1528
777 1691
777 806
780 1344
780 940
780 1106
780 1327
780 1080
781 1302
781 1533
782 1024
782 932
782 1063
782 1612
782 1260
782 829
782 1202
782 1529
782 830
783 784
785 1003
785 1141
785 839
786 1725
786 1468
789 1446
791 1411
791 792
793 885
793 1028
793 794
794 885
794 1028
795 1294
797 1611
799 1477
799 840
799 841
799 848
799 1527
801 876
801 1749
801 1532
802 918
805 1127
806 1528
806 1691
807 1478
808 903
808 1615
808 1211
812 903
812 1422
812 1554
812 1656
813 974
813 1185
813 1333
813 1180
816 1000
816 1161
816 1419
816 1201
816 868
817 1145
817 1661
821 1311
822 1519
822 1708
822 1070
823 1436
827 828
829 830
831 1354
831 854
833 1033
833 1166
833 1064
833 1193
833 966
833 1095
833 1369
833 1501
833 1139
833 1277
835 994
835 886
835 887
835 1272
835 1115
835 1375
836 837
838 1521
839 1400
839 1003
840 1477
840 841
841 1477
843 871
844 845
844 1009
845 1397
845 876
845 1591
845 1329
845 1310
845 1015
845 925
845 1279
846 1254
846 1006
846 1240
846 1239
847 1355
847 1005
847 872
848 1527
849 1220
849 1254
849 1415
849 850
849 1395
850 1220
850 1254
851 1475
853 1360
853 1408
853 1582
853 1526
854 1354
857 1469
858 1509
858 859
858 1500
858 1567
859 1500
859 1509
861 1566
861 942
861 1170
861 1342
862 1321
863 899
863 1099
863 1042
863 1043
863 1524
863 890
864 1011
864 1695
865 1030
865 1293
865 1187
865 1316
865 1192
865 1071
865 1076
865 950
865 952
865 1128
865 1392
865 1393
865 1364
868 1000
868 1201
872 1355
874 875
876 1329
876 1015
876 1532
876 925
876 1310
878 938
878 879
878 959
879 938
879 959
880 924
881 1485
881 1519
885 1028
886 994
886 887
886 1272
886 1115
886 1375
887 994
887 1272
887 1115
887 1375
888 1573
888 1323
888 1684
888 889
889 1323
889 1684
890 899
890 1099
890 1042
890 1043
890 1524
894 1183
895 1180
896 897
896 1683
896 953
896 1020
896 1341
897 1683
897 953
897 1020
897 1341
899 1099
899 1042
899 1043
899 1524
900 983
904 905
904 1018
905 1018
907 1040
907 908
907 933
909 975
910 937
910 1391
910 1232
910 1045
910 1435
914 1162
914 1414
914 1246
915 1198
915 1269
921 922
923 932
925 1329
925 1015
925 1310
926 1371
929 1097
930 941
930 931
930 935
931 978
931 1449
931 941
932 1569
932 951
932 1113
932 1120
932 995
932 1260
932 1529
933 1040
933 1098
933 1037
934 1675
936 937
936 1616
936 1644
936 1064
937 1030
937 1225
937 1132
937 1391
937 1232
937 1064
937 1616
937 1435
937 1172
937 1045
938 959
939 940
939 1719
940 1344
940 1106
940 1719
940 1327
941 1420
943 1759
945 946
945 1602
946 1602
947 1394
947 1083
948 1390
949 1164
950 1128
950 1071
950 1076
950 1364
952 1030
953 1683
953 1020
953 1341
954 1297
954 955
955 1297
961 962
963 1144
963 964
964 1144
965 1633
965 1450
966 1501
969 1768
969 1410
969 1439
971 1304
972 973
974 1040
978 1238
978 1449
980 1224
980 1692
980 1039
981 1148
984 1606
985 1122
985 1486
985 986
985 1627
985 1628
986 1122
986 1486
986 1551
987 1309
988 1645
988 1745
988 1013
988 1193
993 1229
993 1423
994 1272
994 1115
994 1375
995 1120
995 1569
995 1113
996 1512
996 1217
996 1218
997 1332
998 1729
1000 1201
1001 1514
1001 1349
1005 1625
1006 1732
1006 1647
1006 1007
1006 1116
1007 1116
1008 1129
1008 1353
1011 1658
1011 1012
1011 1695
1012 1284
1012 1517
1012 1167
1012 1168
1012 1298
1012 1658
1013 1030
1013 1066
1015 1329
1015 1310
1016 1017
1016 1737
1016 1543
1017 1543
1019 1386
1020 1683
1020 1341
1022 1412
1023 1062
1024 1063
1025 1026
1027 1188
1027 1763
1027 1531
1028 1065
1028 1631
1029 1112
1030 1560
1030 1690
1030 1066
1030 1595
1030 1225
1030 1614
1030 1529
1030 1262
1030 1654
1033 1139
1034 1035
1034 1599
1035 1599
1036 1300
1037 1135
1037 1098
1039 1224
1039 1692
1040 1041
1042 1099
1042 1043
1042 1524
1043 1099
1043 1524
1045 1391
1045 1232
1045 1435
1046 1047
1048 1134
1048 1523
1048 1111
1048 1084
1048 1085
1049 1380
1049 1330
1049 1381
1053 1103
1053 1054
1055 1640
1056 1576
1060 1061
1064 1616
1066 1067
1066 1114
1067 1114
1068 1107
1070 1708
1071 1128
1071 1076
1071 1364
1073 1074
1076 1128
1076 1364
1078 1189
1079 1080
1080 1703
1080 1448
1080 1576
1080 1498
1082 1456
1083 1394
1084 1523
1084 1085
1085 1523
1088 1242
1089 1510
1089 1202
1089 1166
1089 1494
1090 1154
1090 1091
1091 1154
1093 1145
1093 1205
1095 1301
1095 1143
1095 1369
1096 1547
1096 1327
1099 1524
1100 1108
1101 1176
1102 1465
1104 1356
1106 1344
1106 1327
1109 1499
1109 1110
1110 1499
1111 1134
1113 1120
1113 1569
1115 1272
1115 1375
1118 1721
1120 1569
1122 1486
1123 1741
1124 1190
1125 1126
1128 1364
1132 1720
1132 1172
1133 1224
1138 1653
1138 1334
1138 1718
1142 1635
1142 1301
1142 1583
1144 1385
1144 1452
1144 1588
1144 1145
1145 1169
1145 1385
1145 1452
1145 1588
1145 1661
1145 1205
1146 1609
1151 1152
1151 1597
1155 1619
1161 1419
1162 1414
1162 1163
1162 1246
1167 1168
1167 1284
1167 1298
1167 1517
1168 1284
1168 1298
1168 1517
1170 1566
1170 1342
1171 1687
1171 1431
1172 1288
1172 1230
1172 1231
1176 1596
1177 1304
1177 1648
1179 1280
1180 1185
1187 1192
1187 1393
1187 1392
1188 1763
1188 1531
1192 1392
1192 1393
1193 1645
1193 1745
1193 1277
1194 1499
1195 1417
1198 1269
1199 1200
1201 1245
1202 1510
1202 1612
1202 1494
1204 1574
1206 1207
1209 1544
1211 1615
1213 1214
1215 1450
1217 1512
1217 1218
1218 1512
1220 1254
1221 1222
1224 1692
1229 1423
1230 1288
1230 1231
1231 1288
1232 1391
1232 1435
1233 1667
1233 1234
1233 1492
1233 1368
1234 1667
1234 1492
1235 1555
1235 1236
1236 1555
1237 1267
1237 1268
1239 1240
1241 1579
1242 1306
1246 1414
1247 1424
1249 1400
1250 1742
1251 1328
1255 1256
1255 1421
1255 1494
1259 1363
1260 1529
1261 1715
1266 1355
1266 1652
1267 1268
1271 1324
1272 1375
1278 1343
1280 1281
1280 1701
1281 1701
1282 1372
1283 1515
1284 1517
1284 1298
1285 1286
1285 1471
1286 1471
1289 1651
1289 1290
1290 1651
1292 1316
1293 1316
1294 1575
1298 1517
1299 1573
1301 1583
1304 1648
1305 1431
1308 1315
1310 1329
1322 1757
1323 1684
1326 1587
1327 1344
1327 1547
1331 1660
1335 1580
1338 1765
1339 1462
1341 1683
1342 1566
1345 1496
1346 1428
1349 1514
1349 1476
1349 1403
1350 1351
1355 1552
1355 1402
1356 1670
1356 1357
1357 1670
1360 1408
1360 1582
1360 1526
1366 1367
1370 1420
1373 1448
1377 1378
1380 1381
1383 1738
1385 1452
1385 1588
1387 1717
1391 1435
1392 1393
1395 1415
1397 1591
1402 1552
1402 1587
1403 1476
1406 1520
1408 1582
1408 1526
1410 1439
1421 1494
1427 1714
1431 1680
1433 1620
1434 1678
1437 1572
1440 1686
1441 1442
1444 1445
1448 1498
1448 1703
1448 1576
1450 1451
1450 1633
1452 1588
1455 1508
1459 1467
1466 1771
1489 1731
1492 1667
1494 1510
1497 1700
1498 1703
1498 1576
1500 1509
1507 1604
1513 1543
1518 1743
1526 1582
1529 1595
1531 1763
1532 1539
1534 1641
1534 1657
1534 1535
1535 1641
1539 1540
1539 1766
1540 1766
1554 1656
1560 1614
1561 1618
1576 1703
1578 1704
1578 1674
1584 1752
1585 1613
1593 1594
1600 1601
1605 1612
1610 1611
1615 1639
1627 1628
1638 1755
1642 1643
1645 1745
1647 1732
1649 1650
1653 1718
1654 1690
1672 1673
1674 1704
1698 1699
1726 1727
1764 1770
